790.21
790.22
790.2
790.29
648.81
648.82
648.83
648.84
648.0
648.00
648.01
648.02
648.03
648.04
791.5
277.7
V77.1
256.4
250250.0250.00250.01250.02250.03250.1250.10250.11250.12250.13250.2250.20250.21250.22250.23250.3250.30250.31250.32250.33250.4250.40250.41250.42250.43250.5250.50250.51250.52250.53250.6250.60250.61250.62250.63250.7250.70250.71250.72250.73250.8250.80250.81250.82250.83250.9250.90250.91250.92250.93
250.03
250.11
250.13
250.21
250.23
250.31
250.33
250.41
250.43
250.51
250.53
250.61
250.63
250.71
250.73
250.81
250.83
250.91
250.93
250.32
250.2
250.22
250.9
250.92
250.8
250.82
250.7
250.72
250.6
250.62
250.5
250.52
250.4
250.42
250
250.02
