1558827317,s5,0.00,0.00,0.00,0,0,0.00,0.00,0.00,0,0,0.00,0.00,0,0
1558827317,s1,0.00,0.00,0.00,0,0,0.00,0.00,0.00,0,0,0.00,0.00,0,0
1558827317,eth0,0.00,0.00,0.00,0,0,0.00,0.00,0.00,0,0,0.00,0.00,0,0
1558827317,eth1,0.00,0.00,0.00,0,0,0.00,0.00,0.00,0,0,0.00,0.00,0,0
1558827317,s2,0.00,0.00,0.00,0,0,0.00,0.00,0.00,0,0,0.00,0.00,0,0
1558827317,s1-eth2,0.00,0.00,0.00,0,0,0.00,0.00,0.00,0,0,0.00,0.00,0,0
1558827317,s1-eth1,0.00,0.00,0.00,0,0,0.00,0.00,0.00,0,0,0.00,0.00,0,0
1558827317,s3,0.00,0.00,0.00,0,0,0.00,0.00,0.00,0,0,0.00,0.00,0,0
1558827317,s2-eth2,0.00,0.00,0.00,0,0,0.00,0.00,0.00,0,0,0.00,0.00,0,0
1558827317,s2-eth1,0.00,0.00,0.00,0,0,0.00,0.00,0.00,0,0,0.00,0.00,0,0
1558827317,lo,0.00,0.00,0.00,0,0,0.00,0.00,0.00,0,0,0.00,0.00,0,0
1558827317,s4,0.00,0.00,0.00,0,0,0.00,0.00,0.00,0,0,0.00,0.00,0,0
1558827317,s3-eth2,0.00,0.00,0.00,0,0,0.00,0.00,0.00,0,0,0.00,0.00,0,0
1558827317,s3-eth1,0.00,0.00,0.00,0,0,0.00,0.00,0.00,0,0,0.00,0.00,0,0
1558827317,total,0.00,0.00,0.00,0,0,0.00,0.00,0.00,0,0,0.00,0.00,0,0
1558827318,s5,0.00,0.00,0.00,0,0,0.00,0.00,0.00,0,0,0.00,0.00,0,0
1558827318,s1,250.00,4020.00,4270.00,4020,250,3.00,24.00,27.00,24,3,0.00,0.00,0,0
1558827318,eth0,458.00,788.00,1246.00,788,458,6.00,8.00,14.00,8,6,0.00,0.00,0,0
1558827318,eth1,0.00,0.00,0.00,0,0,0.00,0.00,0.00,0,0,0.00,0.00,0,0
1558827318,s2,0.00,2785.00,2785.00,2785,0,0.00,19.00,19.00,19,0,0.00,0.00,0,0
1558827318,s1-eth2,111381.00,4510948.00,4622329.00,4510948,111381,1499.00,2998.00,4497.00,2998,1499,0.00,0.00,0,0
1558827318,s1-eth1,4509336.00,110510.00,4619846.00,110510,4509336,3005.00,1493.00,4498.00,1493,3005,0.00,0.00,0,0
1558827318,s3,90.00,2772.00,2862.00,2772,90,1.00,18.00,19.00,18,1,0.00,0.00,0,0
1558827318,s2-eth2,112856.00,4527010.00,4639866.00,4527010,112856,1506.00,2999.00,4505.00,2999,1506,0.00,0.00,0,0
1558827318,s2-eth1,4510948.00,111381.00,4622329.00,111381,4510948,2998.00,1499.00,4497.00,1499,2998,0.00,0.00,0,0
1558827318,lo,19338.00,19338.00,38676.00,19338,19338,189.00,189.00,378.00,189,189,0.00,0.00,0,0
1558827318,s4,0.00,0.00,0.00,0,0,0.00,0.00,0.00,0,0,0.00,0.00,0,0
1558827318,s3-eth2,114019.00,4543764.00,4657783.00,4543764,114019,1509.00,3004.00,4513.00,3004,1509,0.00,0.00,0,0
1558827318,s3-eth1,4527010.00,112856.00,4639866.00,112856,4527010,2999.00,1506.00,4505.00,1506,2999,0.00,0.00,0,0
1558827318,total,13905686.00,13946172.00,27851858.00,13946172,13905686,13715.00,13757.00,27472.00,13757,13715,0.00,0.00,0,0
1558827319,s5,0.00,0.00,0.00,0,0,0.00,0.00,0.00,0,0,0.00,0.00,0,0
1558827319,s1,0.00,1819.00,1819.00,1819,0,0.00,7.00,7.00,7,0,0.00,0.00,0,0
1558827319,eth0,152.00,245.00,397.00,245,152,2.00,2.00,4.00,2,2,0.00,0.00,0,0
1558827319,eth1,0.00,0.00,0.00,0,0,0.00,0.00,0.00,0,0,0.00,0.00,0,0
1558827319,s2,0.00,1525.00,1525.00,1525,0,0.00,5.00,5.00,5,0,0.00,0.00,0,0
1558827319,s1-eth2,123879.00,5090373.00,5214252.00,5090373,123879,1667.00,3368.00,5035.00,3368,1667,0.00,0.00,0,0
1558827319,s1-eth1,5083472.00,123432.00,5206904.00,123432,5083472,3365.00,1668.00,5033.00,1668,3365,0.00,0.00,0,0
1558827319,s3,0.00,1338.00,1338.00,1338,0,0.00,4.00,4.00,4,0,0.00,0.00,0,0
1558827319,s2-eth2,124326.00,5093952.00,5218278.00,5093952,124326,1666.00,3367.00,5033.00,3367,1666,0.00,0.00,0,0
1558827319,s2-eth1,5090373.00,123879.00,5214252.00,123879,5090373,3368.00,1667.00,5035.00,1667,3368,0.00,0.00,0,0
1558827319,lo,5588.00,5588.00,11176.00,5588,5588,53.00,53.00,106.00,53,53,0.00,0.00,0,0
1558827319,s4,0.00,0.00,0.00,0,0,0.00,0.00,0.00,0,0,0.00,0.00,0,0
1558827319,s3-eth2,125307.00,5094610.00,5219917.00,5094610,125307,1672.00,3365.00,5037.00,3365,1672,0.00,0.00,0,0
1558827319,s3-eth1,5093952.00,124326.00,5218278.00,124326,5093952,3367.00,1666.00,5033.00,1666,3367,0.00,0.00,0,0
1558827319,total,15647049.00,15661087.00,31308136.00,15661087,15647049,15160.00,15172.00,30332.00,15172,15160,0.00,0.00,0,0
1558827320,s5,0.00,0.00,0.00,0,0,0.00,0.00,0.00,0,0,0.00,0.00,0,0
1558827320,s1,0.00,107.00,107.00,107,0,0.00,1.00,1.00,1,0,0.00,0.00,0,0
1558827320,eth0,0.00,0.00,0.00,0,0,0.00,0.00,0.00,0,0,0.00,0.00,0,0
1558827320,eth1,0.00,0.00,0.00,0,0,0.00,0.00,0.00,0,0,0.00,0.00,0,0
1558827320,s2,0.00,481.00,481.00,481,0,0.00,3.00,3.00,3,0,0.00,0.00,0,0
1558827320,s1-eth2,132834.00,5405087.00,5537921.00,5405087,132834,1792.00,3571.00,5363.00,3571,1792,0.00,0.00,0,0
1558827320,s1-eth1,5405461.00,132460.00,5537921.00,132460,5405461,3573.00,1790.00,5363.00,1790,3573,0.00,0.00,0,0
1558827320,s3,0.00,748.00,748.00,748,0,0.00,4.00,4.00,4,0,0.00,0.00,0,0
1558827320,s2-eth2,133060.00,5405087.00,5538147.00,5405087,133060,1792.00,3571.00,5363.00,3571,1792,0.00,0.00,0,0
1558827320,s2-eth1,5405087.00,132834.00,5537921.00,132834,5405087,3571.00,1792.00,5363.00,1792,3571,0.00,0.00,0,0
1558827320,lo,2503.00,2503.00,5006.00,2503,2503,24.00,24.00,48.00,24,24,0.00,0.00,0,0
1558827320,s4,0.00,0.00,0.00,0,0,0.00,0.00,0.00,0,0,0.00,0.00,0,0
1558827320,s3-eth2,132990.00,5403466.00,5536456.00,5403466,132990,1788.00,3569.00,5357.00,3569,1788,0.00,0.00,0,0
1558827320,s3-eth1,5405087.00,133060.00,5538147.00,133060,5405087,3571.00,1792.00,5363.00,1792,3571,0.00,0.00,0,0
1558827320,total,16617022.00,16615833.00,33232856.00,16615833,16617022,16111.00,16117.00,32228.00,16117,16111,0.00,0.00,0,0
1558827321,s5,0.00,0.00,0.00,0,0,0.00,0.00,0.00,0,0,0.00,0.00,0,0
1558827321,s1,0.00,1505.00,1505.00,1505,0,0.00,8.00,8.00,8,0,0.00,0.00,0,0
1558827321,eth0,0.00,0.00,0.00,0,0,0.00,0.00,0.00,0,0,0.00,0.00,0,0
1558827321,eth1,0.00,0.00,0.00,0,0,0.00,0.00,0.00,0,0,0.00,0.00,0,0
1558827321,s2,70.00,1131.00,1201.00,1131,70,1.00,6.00,7.00,6,1,0.00,0.00,0,0
1558827321,s1-eth2,134781.00,5506409.00,5641190.00,5506409,134781,1818.00,3644.00,5462.00,3644,1818,0.00,0.00,0,0
1558827321,s1-eth1,5506806.00,134236.00,5641042.00,134236,5506806,3646.00,1814.00,5460.00,1814,3646,0.00,0.00,0,0
1558827321,s3,70.00,864.00,934.00,864,70,1.00,5.00,6.00,5,1,0.00,0.00,0,0
1558827321,s2-eth2,135248.00,5507152.00,5642400.00,5507152,135248,1821.00,3641.00,5462.00,3641,1821,0.00,0.00,0,0
1558827321,s2-eth1,5506409.00,134781.00,5641190.00,134781,5506409,3644.00,1818.00,5462.00,1818,3644,0.00,0.00,0,0
1558827321,lo,6187.00,6187.00,12374.00,6187,6187,63.00,63.00,126.00,63,63,0.00,0.00,0,0
1558827321,s4,0.00,0.00,0.00,0,0,0.00,0.00,0.00,0,0,0.00,0.00,0,0
1558827321,s3-eth2,135863.00,5507932.00,5643795.00,5507932,135863,1826.00,3638.00,5464.00,3638,1826,0.00,0.00,0,0
1558827321,s3-eth1,5507152.00,135248.00,5642400.00,135248,5507152,3641.00,1821.00,5462.00,1821,3641,0.00,0.00,0,0
1558827321,total,16932586.00,16935444.00,33868032.00,16935445,16932586,16461.00,16458.00,32919.00,16458,16461,0.00,0.00,0,0
1558827322,s5,0.00,0.00,0.00,0,0,0.00,0.00,0.00,0,0,0.00,0.00,0,0
1558827322,s1,70.00,210.00,280.00,210,70,1.00,3.00,4.00,3,1,0.00,0.00,0,0
1558827322,eth0,0.00,0.00,0.00,0,0,0.00,0.00,0.00,0,0,0.00,0.00,0,0
1558827322,eth1,0.00,0.00,0.00,0,0,0.00,0.00,0.00,0,0,0.00,0.00,0,0
1558827322,s2,0.00,210.00,210.00,210,0,0.00,3.00,3.00,3,0,0.00,0.00,0,0
1558827322,s1-eth2,139186.00,5680668.00,5819854.00,5680668,139186,1881.00,3754.00,5635.00,3754,1881,0.00,0.00,0,0
1558827322,s1-eth1,5676196.00,138820.00,5815016.00,138820,5676196,3752.00,1876.00,5628.00,1876,3752,0.00,0.00,0,0
1558827322,s3,0.00,210.00,210.00,210,0,0.00,3.00,3.00,3,0,0.00,0.00,0,0
1558827322,s2-eth2,139038.00,5680598.00,5819636.00,5680598,139038,1879.00,3753.00,5632.00,3753,1879,0.00,0.00,0,0
1558827322,s2-eth1,5680668.00,139186.00,5819854.00,139186,5680668,3754.00,1881.00,5635.00,1881,3754,0.00,0.00,0,0
1558827322,lo,2972.00,2972.00,5944.00,2972,2972,35.00,35.00,70.00,35,35,0.00,0.00,0,0
1558827322,s4,0.00,0.00,0.00,0,0,0.00,0.00,0.00,0,0,0.00,0.00,0,0
1558827322,s3-eth2,138816.00,5682112.00,5820928.00,5682112,138816,1876.00,3754.00,5630.00,3754,1876,0.00,0.00,0,0
1558827322,s3-eth1,5680598.00,139038.00,5819636.00,139038,5680598,3753.00,1879.00,5632.00,1879,3753,0.00,0.00,0,0
1558827322,total,17457544.00,17464024.00,34921568.00,17464024,17457544,16931.00,16941.00,33872.00,16941,16931,0.00,0.00,0,0
1558827323,s5,0.00,0.00,0.00,0,0,0.00,0.00,0.00,0,0,0.00,0.00,0,0
1558827323,s1,0.00,0.00,0.00,0,0,0.00,0.00,0.00,0,0,0.00,0.00,0,0
1558827323,eth0,0.00,0.00,0.00,0,0,0.00,0.00,0.00,0,0,0.00,0.00,0,0
1558827323,eth1,0.00,0.00,0.00,0,0,0.00,0.00,0.00,0,0,0.00,0.00,0,0
1558827323,s2,0.00,0.00,0.00,0,0,0.00,0.00,0.00,0,0,0.00,0.00,0,0
1558827323,s1-eth2,139342.00,5715350.00,5854692.00,5715350,139342,1883.00,3775.00,5658.00,3775,1883,0.00,0.00,0,0
1558827323,s1-eth1,5717206.00,139712.00,5856918.00,139712,5717206,3777.00,1888.00,5665.00,1888,3777,0.00,0.00,0,0
1558827323,s3,0.00,0.00,0.00,0,0,0.00,0.00,0.00,0,0,0.00,0.00,0,0
1558827323,s2-eth2,140082.00,5718378.00,5858460.00,5718378,140082,1893.00,3777.00,5670.00,3777,1893,0.00,0.00,0,0
1558827323,s2-eth1,5715350.00,139342.00,5854692.00,139342,5715350,3775.00,1883.00,5658.00,1883,3775,0.00,0.00,0,0
1558827323,lo,0.00,0.00,0.00,0,0,0.00,0.00,0.00,0,0,0.00,0.00,0,0
1558827323,s4,0.00,0.00,0.00,0,0,0.00,0.00,0.00,0,0,0.00,0.00,0,0
1558827323,s3-eth2,140424.00,5718378.00,5858802.00,5718378,140424,1894.00,3777.00,5671.00,3777,1894,0.00,0.00,0,0
1558827323,s3-eth1,5718378.00,140082.00,5858460.00,140082,5718378,3777.00,1893.00,5670.00,1893,3777,0.00,0.00,0,0
1558827323,total,17570782.00,17571242.00,35142024.00,17571242,17570782,16999.00,16993.00,33992.00,16993,16999,0.00,0.00,0,0
1558827324,s5,0.00,0.00,0.00,0,0,0.00,0.00,0.00,0,0,0.00,0.00,0,0
1558827324,s1,0.00,107.00,107.00,107,0,0.00,1.00,1.00,1,0,0.00,0.00,0,0
1558827324,eth0,0.00,0.00,0.00,0,0,0.00,0.00,0.00,0,0,0.00,0.00,0,0
1558827324,eth1,0.00,0.00,0.00,0,0,0.00,0.00,0.00,0,0,0.00,0.00,0,0
1558827324,s2,0.00,214.00,214.00,214,0,0.00,2.00,2.00,2,0,0.00,0.00,0,0
1558827324,s1-eth2,138561.00,5679121.00,5817682.00,5679121,138561,1872.00,3752.00,5624.00,3752,1872,0.00,0.00,0,0
1558827324,s1-eth1,5682256.00,138676.00,5820932.00,138676,5682256,3755.00,1874.00,5629.00,1874,3755,0.00,0.00,0,0
1558827324,s3,0.00,556.00,556.00,556,0,0.00,3.00,3.00,3,0,0.00,0.00,0,0
1558827324,s2-eth2,138418.00,5673065.00,5811483.00,5673065,138418,1866.00,3748.00,5614.00,3748,1866,0.00,0.00,0,0
1558827324,s2-eth1,5679121.00,138561.00,5817682.00,138561,5679121,3752.00,1872.00,5624.00,1872,3752,0.00,0.00,0,0
1558827324,lo,1851.00,1851.00,3702.00,1851,1851,18.00,18.00,36.00,18,18,0.00,0.00,0,0
1558827324,s4,0.00,0.00,0.00,0,0,0.00,0.00,0.00,0,0,0.00,0.00,0,0
1558827324,s3-eth2,138673.00,5672958.00,5811631.00,5672958,138673,1869.00,3747.00,5616.00,3747,1869,0.00,0.00,0,0
1558827324,s3-eth1,5673065.00,138418.00,5811483.00,138418,5673065,3748.00,1866.00,5614.00,1866,3748,0.00,0.00,0,0
1558827324,total,17451944.00,17443528.00,34895472.00,17443527,17451945,16880.00,16883.00,33763.00,16883,16880,0.00,0.00,0,0
1558827325,s5,0.00,0.00,0.00,0,0,0.00,0.00,0.00,0,0,0.00,0.00,0,0
1558827325,s1,0.00,659.00,659.00,659,0,0.00,5.00,5.00,5,0,0.00,0.00,0,0
1558827325,eth0,0.00,0.00,0.00,0,0,0.00,0.00,0.00,0,0,0.00,0.00,0,0
1558827325,eth1,0.00,0.00,0.00,0,0,0.00,0.00,0.00,0,0,0.00,0.00,0,0
1558827325,s2,70.00,894.00,964.00,894,70,1.00,5.00,6.00,5,1,0.00,0.00,0,0
1558827325,s1-eth2,140272.00,5687243.00,5827515.00,5687243,140272,1892.00,3761.00,5653.00,3761,1892,0.00,0.00,0,0
1558827325,s1-eth1,5682771.00,139046.00,5821817.00,139046,5682771,3759.00,1879.00,5638.00,1879,3759,0.00,0.00,0,0
1558827325,s3,70.00,552.00,622.00,552,70,1.00,4.00,5.00,4,1,0.00,0.00,0,0
1558827325,s2-eth2,140338.00,5691608.00,5831946.00,5691608,140338,1893.00,3762.00,5655.00,3762,1893,0.00,0.00,0,0
1558827325,s2-eth1,5687243.00,140272.00,5827515.00,140272,5687243,3761.00,1892.00,5653.00,1892,3761,0.00,0.00,0,0
1558827325,lo,4505.00,4505.00,9010.00,4505,4505,47.00,47.00,94.00,47,47,0.00,0.00,0,0
1558827325,s4,0.00,0.00,0.00,0,0,0.00,0.00,0.00,0,0,0.00,0.00,0,0
1558827325,s3-eth2,140256.00,5686584.00,5826840.00,5686584,140256,1892.00,3756.00,5648.00,3756,1892,0.00,0.00,0,0
1558827325,s3-eth1,5691608.00,140338.00,5831946.00,140338,5691608,3762.00,1893.00,5655.00,1893,3762,0.00,0.00,0,0
1558827325,total,17487132.00,17491700.00,34978832.00,17491701,17487133,17008.00,17004.00,34012.00,17004,17008,0.00,0.00,0,0
1558827326,s5,0.00,0.00,0.00,0,0,0.00,0.00,0.00,0,0,0.00,0.00,0,0
1558827326,s1,70.00,210.00,280.00,210,70,1.00,3.00,4.00,3,1,0.00,0.00,0,0
1558827326,eth0,0.00,0.00,0.00,0,0,0.00,0.00,0.00,0,0,0.00,0.00,0,0
1558827326,eth1,0.00,0.00,0.00,0,0,0.00,0.00,0.00,0,0,0.00,0.00,0,0
1558827326,s2,0.00,210.00,210.00,210,0,0.00,3.00,3.00,3,0,0.00,0.00,0,0
1558827326,s1-eth2,140962.00,5803302.00,5944264.00,5803302,140962,1905.00,3835.00,5740.00,3835,1905,0.00,0.00,0,0
1558827326,s1-eth1,5803372.00,141632.00,5945004.00,141632,5803372,3836.00,1914.00,5750.00,1914,3836,0.00,0.00,0,0
1558827326,s3,0.00,210.00,210.00,210,0,0.00,3.00,3.00,3,0,0.00,0.00,0,0
1558827326,s2-eth2,141036.00,5804746.00,5945782.00,5804746,141036,1906.00,3835.00,5741.00,3835,1906,0.00,0.00,0,0
1558827326,s2-eth1,5803302.00,140962.00,5944264.00,140962,5803302,3835.00,1905.00,5740.00,1905,3835,0.00,0.00,0,0
1558827326,lo,2680.00,2680.00,5360.00,2680,2680,30.00,30.00,60.00,30,30,0.00,0.00,0,0
1558827326,s4,0.00,0.00,0.00,0,0,0.00,0.00,0.00,0,0,0.00,0.00,0,0
1558827326,s3-eth2,141110.00,5807774.00,5948884.00,5807774,141110,1907.00,3837.00,5744.00,3837,1907,0.00,0.00,0,0
1558827326,s3-eth1,5804746.00,141036.00,5945782.00,141036,5804746,3835.00,1906.00,5741.00,1906,3835,0.00,0.00,0,0
1558827326,total,17837278.00,17842762.00,35680040.00,17842762,17837278,17255.00,17271.00,34526.00,17271,17255,0.00,0.00,0,0
1558827327,s5,0.00,0.00,0.00,0,0,0.00,0.00,0.00,0,0,0.00,0.00,0,0
1558827327,s1,0.00,342.00,342.00,342,0,0.00,1.00,1.00,1,0,0.00,0.00,0,0
1558827327,eth0,0.00,0.00,0.00,0,0,0.00,0.00,0.00,0,0,0.00,0.00,0,0
1558827327,eth1,0.00,0.00,0.00,0,0,0.00,0.00,0.00,0,0,0.00,0.00,0,0
1558827327,s2,0.00,0.00,0.00,0,0,0.00,0.00,0.00,0,0,0.00,0.00,0,0
1558827327,s1-eth2,145188.00,5939764.00,6084952.00,5939764,145188,1962.00,3924.00,5886.00,3924,1962,0.00,0.00,0,0
1558827327,s1-eth1,5938250.00,145188.00,6083438.00,145188,5938250,3923.00,1962.00,5885.00,1962,3923,0.00,0.00,0,0
1558827327,s3,0.00,0.00,0.00,0,0,0.00,0.00,0.00,0,0,0.00,0.00,0,0
1558827327,s2-eth2,145040.00,5940936.00,6085976.00,5940936,145040,1960.00,3924.00,5884.00,3924,1960,0.00,0.00,0,0
1558827327,s2-eth1,5939764.00,145188.00,6084952.00,145188,5939764,3924.00,1962.00,5886.00,1962,3924,0.00,0.00,0,0
1558827327,lo,670.00,670.00,1340.00,670,670,9.00,9.00,18.00,9,9,0.00,0.00,0,0
1558827327,s4,0.00,0.00,0.00,0,0,0.00,0.00,0.00,0,0,0.00,0.00,0,0
1558827327,s3-eth2,144966.00,5943964.00,6088930.00,5943964,144966,1959.00,3926.00,5885.00,3926,1959,0.00,0.00,0,0
1558827327,s3-eth1,5940936.00,145040.00,6085976.00,145040,5940936,3924.00,1960.00,5884.00,1960,3924,0.00,0.00,0,0
1558827327,total,18254814.00,18261092.00,36515904.00,18261092,18254814,17661.00,17668.00,35329.00,17668,17661,0.00,0.00,0,0
1558827328,s5,0.00,0.00,0.00,0,0,0.00,0.00,0.00,0,0,0.00,0.00,0,0
1558827328,s1,0.00,0.00,0.00,0,0,0.00,0.00,0.00,0,0,0.00,0.00,0,0
1558827328,eth0,0.00,0.00,0.00,0,0,0.00,0.00,0.00,0,0,0.00,0.00,0,0
1558827328,eth1,0.00,0.00,0.00,0,0,0.00,0.00,0.00,0,0,0.00,0.00,0,0
1558827328,s2,0.00,0.00,0.00,0,0,0.00,0.00,0.00,0,0,0.00,0.00,0,0
1558827328,s1-eth2,146150.00,5984842.00,6130992.00,5984842,146150,1975.00,3953.00,5928.00,3953,1975,0.00,0.00,0,0
1558827328,s1-eth1,5983328.00,146150.00,6129478.00,146150,5983328,3952.00,1975.00,5927.00,1975,3952,0.00,0.00,0,0
1558827328,s3,0.00,0.00,0.00,0,0,0.00,0.00,0.00,0,0,0.00,0.00,0,0
1558827328,s2-eth2,146150.00,5984842.00,6130992.00,5984842,146150,1975.00,3953.00,5928.00,3953,1975,0.00,0.00,0,0
1558827328,s2-eth1,5984842.00,146150.00,6130992.00,146150,5984842,3953.00,1975.00,5928.00,1975,3953,0.00,0.00,0,0
1558827328,lo,0.00,0.00,0.00,0,0,0.00,0.00,0.00,0,0,0.00,0.00,0,0
1558827328,s4,0.00,0.00,0.00,0,0,0.00,0.00,0.00,0,0,0.00,0.00,0,0
1558827328,s3-eth2,146492.00,5987870.00,6134362.00,5987870,146492,1976.00,3955.00,5931.00,3955,1976,0.00,0.00,0,0
1558827328,s3-eth1,5984842.00,146150.00,6130992.00,146150,5984842,3953.00,1975.00,5928.00,1975,3953,0.00,0.00,0,0
1558827328,total,18391804.00,18396004.00,36787808.00,18396004,18391804,17784.00,17786.00,35570.00,17786,17784,0.00,0.00,0,0
1558827329,s5,0.00,0.00,0.00,0,0,0.00,0.00,0.00,0,0,0.00,0.00,0,0
1558827329,s1,0.00,0.00,0.00,0,0,0.00,0.00,0.00,0,0,0.00,0.00,0,0
1558827329,eth0,0.00,0.00,0.00,0,0,0.00,0.00,0.00,0,0,0.00,0.00,0,0
1558827329,eth1,0.00,0.00,0.00,0,0,0.00,0.00,0.00,0,0,0.00,0.00,0,0
1558827329,s2,0.00,0.00,0.00,0,0,0.00,0.00,0.00,0,0,0.00,0.00,0,0
1558827329,s1-eth2,148666.00,6083252.00,6231918.00,6083252,148666,2009.00,4018.00,6027.00,4018,2009,0.00,0.00,0,0
1558827329,s1-eth1,6082080.00,148666.00,6230746.00,148666,6082080,4018.00,2009.00,6027.00,2009,4018,0.00,0.00,0,0
1558827329,s3,0.00,0.00,0.00,0,0,0.00,0.00,0.00,0,0,0.00,0.00,0,0
1558827329,s2-eth2,148666.00,6083252.00,6231918.00,6083252,148666,2009.00,4018.00,6027.00,4018,2009,0.00,0.00,0,0
1558827329,s2-eth1,6083252.00,148666.00,6231918.00,148666,6083252,4018.00,2009.00,6027.00,2009,4018,0.00,0.00,0,0
1558827329,lo,0.00,0.00,0.00,0,0,0.00,0.00,0.00,0,0,0.00,0.00,0,0
1558827329,s4,0.00,0.00,0.00,0,0,0.00,0.00,0.00,0,0,0.00,0.00,0,0
1558827329,s3-eth2,148666.00,6083252.00,6231918.00,6083252,148666,2009.00,4018.00,6027.00,4018,2009,0.00,0.00,0,0
1558827329,s3-eth1,6083252.00,148666.00,6231918.00,148666,6083252,4018.00,2009.00,6027.00,2009,4018,0.00,0.00,0,0
1558827329,total,18694582.00,18695754.00,37390336.00,18695754,18694582,18081.00,18081.00,36162.00,18081,18081,0.00,0.00,0,0
1558827330,s5,0.00,0.00,0.00,0,0,0.00,0.00,0.00,0,0,0.00,0.00,0,0
1558827330,s1,0.00,0.00,0.00,0,0,0.00,0.00,0.00,0,0,0.00,0.00,0,0
1558827330,eth0,0.00,0.00,0.00,0,0,0.00,0.00,0.00,0,0,0.00,0.00,0,0
1558827330,eth1,0.00,0.00,0.00,0,0,0.00,0.00,0.00,0,0,0.00,0.00,0,0
1558827330,s2,0.00,0.00,0.00,0,0,0.00,0.00,0.00,0,0,0.00,0.00,0,0
1558827330,s1-eth2,146224.00,5969702.00,6115926.00,5969702,146224,1976.00,3943.00,5919.00,3943,1976,0.00,0.00,0,0
1558827330,s1-eth1,5971216.00,146076.00,6117292.00,146076,5971216,3944.00,1974.00,5918.00,1974,3944,0.00,0.00,0,0
1558827330,s3,0.00,0.00,0.00,0,0,0.00,0.00,0.00,0,0,0.00,0.00,0,0
1558827330,s2-eth2,146964.00,5969702.00,6116666.00,5969702,146964,1986.00,3943.00,5929.00,3943,1986,0.00,0.00,0,0
1558827330,s2-eth1,5969702.00,146224.00,6115926.00,146224,5969702,3943.00,1976.00,5919.00,1976,3943,0.00,0.00,0,0
1558827330,lo,0.00,0.00,0.00,0,0,0.00,0.00,0.00,0,0,0.00,0.00,0,0
1558827330,s4,0.00,0.00,0.00,0,0,0.00,0.00,0.00,0,0,0.00,0.00,0,0
1558827330,s3-eth2,147112.00,5969702.00,6116814.00,5969702,147112,1988.00,3943.00,5931.00,3943,1988,0.00,0.00,0,0
1558827330,s3-eth1,5969702.00,146964.00,6116666.00,146964,5969702,3943.00,1986.00,5929.00,1986,3943,0.00,0.00,0,0
1558827330,total,18350920.00,18348370.00,36699288.00,18348370,18350920,17780.00,17765.00,35545.00,17765,17780,0.00,0.00,0,0
1558827331,s5,0.00,0.00,0.00,0,0,0.00,0.00,0.00,0,0,0.00,0.00,0,0
1558827331,s1,0.00,0.00,0.00,0,0,0.00,0.00,0.00,0,0,0.00,0.00,0,0
1558827331,eth0,0.00,0.00,0.00,0,0,0.00,0.00,0.00,0,0,0.00,0.00,0,0
1558827331,eth1,0.00,0.00,0.00,0,0,0.00,0.00,0.00,0,0,0.00,0.00,0,0
1558827331,s2,0.00,342.00,342.00,342,0,0.00,1.00,1.00,1,0,0.00,0.00,0,0
1558827331,s1-eth2,146196.00,5974244.00,6120440.00,5974244,146196,1972.00,3946.00,5918.00,3946,1972,0.00,0.00,0,0
1558827331,s1-eth1,5977272.00,145928.00,6123200.00,145928,5977272,3948.00,1972.00,5920.00,1972,3948,0.00,0.00,0,0
1558827331,s3,0.00,684.00,684.00,684,0,0.00,2.00,2.00,2,0,0.00,0.00,0,0
1558827331,s2-eth2,145798.00,5974244.00,6120042.00,5974244,145798,1963.00,3946.00,5909.00,3946,1963,0.00,0.00,0,0
1558827331,s2-eth1,5974244.00,146196.00,6120440.00,146196,5974244,3946.00,1972.00,5918.00,1972,3946,0.00,0.00,0,0
1558827331,lo,1322.00,1322.00,2644.00,1322,1322,15.00,15.00,30.00,15,15,0.00,0.00,0,0
1558827331,s4,0.00,0.00,0.00,0,0,0.00,0.00,0.00,0,0,0.00,0.00,0,0
1558827331,s3-eth2,146584.00,5972730.00,6119314.00,5972730,146584,1970.00,3945.00,5915.00,3945,1970,0.00,0.00,0,0
1558827331,s3-eth1,5974244.00,145798.00,6120042.00,145798,5974244,3946.00,1963.00,5909.00,1963,3946,0.00,0.00,0,0
1558827331,total,18365660.00,18361488.00,36727148.00,18361488,18365660,17760.00,17762.00,35522.00,17762,17760,0.00,0.00,0,0
1558827332,s5,0.00,0.00,0.00,0,0,0.00,0.00,0.00,0,0,0.00,0.00,0,0
1558827332,s1,0.00,107.00,107.00,107,0,0.00,1.00,1.00,1,0,0.00,0.00,0,0
1558827332,eth0,0.00,0.00,0.00,0,0,0.00,0.00,0.00,0,0,0.00,0.00,0,0
1558827332,eth1,0.00,0.00,0.00,0,0,0.00,0.00,0.00,0,0,0.00,0.00,0,0
1558827332,s2,0.00,214.00,214.00,214,0,0.00,2.00,2.00,2,0,0.00,0.00,0,0
1558827332,s1-eth2,146035.00,5974351.00,6120386.00,5974351,146035,1973.00,3947.00,5920.00,3947,1973,0.00,0.00,0,0
1558827332,s1-eth1,5974458.00,146002.00,6120460.00,146002,5974458,3948.00,1973.00,5921.00,1973,3948,0.00,0.00,0,0
1558827332,s3,0.00,214.00,214.00,214,0,0.00,2.00,2.00,2,0,0.00,0.00,0,0
1558827332,s2-eth2,146142.00,5972837.00,6118979.00,5972837,146142,1974.00,3946.00,5920.00,3946,1974,0.00,0.00,0,0
1558827332,s2-eth1,5974351.00,146035.00,6120386.00,146035,5974351,3947.00,1973.00,5920.00,1973,3947,0.00,0.00,0,0
1558827332,lo,2041.00,2041.00,4082.00,2041,2041,24.00,24.00,48.00,24,24,0.00,0.00,0,0
1558827332,s4,0.00,0.00,0.00,0,0,0.00,0.00,0.00,0,0,0.00,0.00,0,0
1558827332,s3-eth2,145879.00,5971216.00,6117095.00,5971216,145879,1970.00,3944.00,5914.00,3944,1970,0.00,0.00,0,0
1558827332,s3-eth1,5972837.00,146142.00,6118979.00,146142,5972837,3946.00,1974.00,5920.00,1974,3946,0.00,0.00,0,0
1558827332,total,18361744.00,18359160.00,36720904.00,18359159,18361743,17782.00,17786.00,35568.00,17786,17782,0.00,0.00,0,0
1558827333,s5,0.00,0.00,0.00,0,0,0.00,0.00,0.00,0,0,0.00,0.00,0,0
1558827333,s1,0.00,107.00,107.00,107,0,0.00,1.00,1.00,1,0,0.00,0.00,0,0
1558827333,eth0,0.00,0.00,0.00,0,0,0.00,0.00,0.00,0,0,0.00,0.00,0,0
1558827333,eth1,0.00,0.00,0.00,0,0,0.00,0.00,0.00,0,0,0.00,0.00,0,0
1558827333,s2,0.00,0.00,0.00,0,0,0.00,0.00,0.00,0,0,0.00,0.00,0,0
1558827333,s1-eth2,147038.00,6019771.00,6166809.00,6019771,147038,1987.00,3977.00,5964.00,3977,1987,0.00,0.00,0,0
1558827333,s1-eth1,6018257.00,147112.00,6165369.00,147112,6018257,3976.00,1988.00,5964.00,1988,3976,0.00,0.00,0,0
1558827333,s3,0.00,0.00,0.00,0,0,0.00,0.00,0.00,0,0,0.00,0.00,0,0
1558827333,s2-eth2,147038.00,6019664.00,6166702.00,6019664,147038,1987.00,3976.00,5963.00,3976,1987,0.00,0.00,0,0
1558827333,s2-eth1,6019771.00,147038.00,6166809.00,147038,6019771,3977.00,1987.00,5964.00,1987,3977,0.00,0.00,0,0
1558827333,lo,305.00,305.00,610.00,305,305,3.00,3.00,6.00,3,3,0.00,0.00,0,0
1558827333,s4,0.00,0.00,0.00,0,0,0.00,0.00,0.00,0,0,0.00,0.00,0,0
1558827333,s3-eth2,146816.00,6021178.00,6167994.00,6021178,146816,1984.00,3977.00,5961.00,3977,1984,0.00,0.00,0,0
1558827333,s3-eth1,6019664.00,147038.00,6166702.00,147038,6019664,3976.00,1987.00,5963.00,1987,3976,0.00,0.00,0,0
1558827333,total,18498888.00,18502212.00,37001104.00,18502213,18498889,17890.00,17896.00,35786.00,17896,17890,0.00,0.00,0,0
1558827334,s5,0.00,0.00,0.00,0,0,0.00,0.00,0.00,0,0,0.00,0.00,0,0
1558827334,s1,0.00,0.00,0.00,0,0,0.00,0.00,0.00,0,0,0.00,0.00,0,0
1558827334,eth0,0.00,0.00,0.00,0,0,0.00,0.00,0.00,0,0,0.00,0.00,0,0
1558827334,eth1,0.00,0.00,0.00,0,0,0.00,0.00,0.00,0,0,0.00,0.00,0,0
1558827334,s2,0.00,0.00,0.00,0,0,0.00,0.00,0.00,0,0,0.00,0.00,0,0
1558827334,s1-eth2,146816.00,6009066.00,6155882.00,6009066,146816,1984.00,3969.00,5953.00,3969,1984,0.00,0.00,0,0
1558827334,s1-eth1,6006038.00,146742.00,6152780.00,146742,6006038,3967.00,1983.00,5950.00,1983,3967,0.00,0.00,0,0
1558827334,s3,0.00,0.00,0.00,0,0,0.00,0.00,0.00,0,0,0.00,0.00,0,0
1558827334,s2-eth2,146816.00,6012094.00,6158910.00,6012094,146816,1984.00,3971.00,5955.00,3971,1984,0.00,0.00,0,0
1558827334,s2-eth1,6009066.00,146816.00,6155882.00,146816,6009066,3969.00,1984.00,5953.00,1984,3969,0.00,0.00,0,0
1558827334,lo,0.00,0.00,0.00,0,0,0.00,0.00,0.00,0,0,0.00,0.00,0,0
1558827334,s4,0.00,0.00,0.00,0,0,0.00,0.00,0.00,0,0,0.00,0.00,0,0
1558827334,s3-eth2,146816.00,6009066.00,6155882.00,6009066,146816,1984.00,3969.00,5953.00,3969,1984,0.00,0.00,0,0
1558827334,s3-eth1,6012094.00,146816.00,6158910.00,146816,6012094,3971.00,1984.00,5955.00,1984,3971,0.00,0.00,0,0
1558827334,total,18467646.00,18470600.00,36938248.00,18470600,18467646,17859.00,17860.00,35719.00,17860,17859,0.00,0.00,0,0
1558827335,s5,0.00,0.00,0.00,0,0,0.00,0.00,0.00,0,0,0.00,0.00,0,0
1558827335,s1,0.00,0.00,0.00,0,0,0.00,0.00,0.00,0,0,0.00,0.00,0,0
1558827335,eth0,0.00,0.00,0.00,0,0,0.00,0.00,0.00,0,0,0.00,0.00,0,0
1558827335,eth1,0.00,0.00,0.00,0,0,0.00,0.00,0.00,0,0,0.00,0.00,0,0
1558827335,s2,0.00,0.00,0.00,0,0,0.00,0.00,0.00,0,0,0.00,0.00,0,0
1558827335,s1-eth2,147186.00,6024206.00,6171392.00,6024206,147186,1989.00,3979.00,5968.00,3979,1989,0.00,0.00,0,0
1558827335,s1-eth1,6024206.00,147186.00,6171392.00,147186,6024206,3979.00,1989.00,5968.00,1989,3979,0.00,0.00,0,0
1558827335,s3,0.00,0.00,0.00,0,0,0.00,0.00,0.00,0,0,0.00,0.00,0,0
1558827335,s2-eth2,147186.00,6022692.00,6169878.00,6022692,147186,1989.00,3978.00,5967.00,3978,1989,0.00,0.00,0,0
1558827335,s2-eth1,6024206.00,147186.00,6171392.00,147186,6024206,3979.00,1989.00,5968.00,1989,3979,0.00,0.00,0,0
1558827335,lo,0.00,0.00,0.00,0,0,0.00,0.00,0.00,0,0,0.00,0.00,0,0
1558827335,s4,0.00,0.00,0.00,0,0,0.00,0.00,0.00,0,0,0.00,0.00,0,0
1558827335,s3-eth2,147528.00,6025720.00,6173248.00,6025720,147528,1990.00,3980.00,5970.00,3980,1990,0.00,0.00,0,0
1558827335,s3-eth1,6022692.00,147186.00,6169878.00,147186,6022692,3978.00,1989.00,5967.00,1989,3978,0.00,0.00,0,0
1558827335,total,18513004.00,18514176.00,37027180.00,18514176,18513004,17904.00,17904.00,35808.00,17904,17904,0.00,0.00,0,0
1558827336,s5,0.00,0.00,0.00,0,0,0.00,0.00,0.00,0,0,0.00,0.00,0,0
1558827336,s1,0.00,0.00,0.00,0,0,0.00,0.00,0.00,0,0,0.00,0.00,0,0
1558827336,eth0,0.00,0.00,0.00,0,0,0.00,0.00,0.00,0,0,0.00,0.00,0,0
1558827336,eth1,0.00,0.00,0.00,0,0,0.00,0.00,0.00,0,0,0.00,0.00,0,0
1558827336,s2,0.00,0.00,0.00,0,0,0.00,0.00,0.00,0,0,0.00,0.00,0,0
1558827336,s1-eth2,146890.00,6007552.00,6154442.00,6007552,146890,1985.00,3968.00,5953.00,3968,1985,0.00,0.00,0,0
1558827336,s1-eth1,6010580.00,146964.00,6157544.00,146964,6010580,3970.00,1986.00,5956.00,1986,3970,0.00,0.00,0,0
1558827336,s3,0.00,0.00,0.00,0,0,0.00,0.00,0.00,0,0,0.00,0.00,0,0
1558827336,s2-eth2,146890.00,6006038.00,6152928.00,6006038,146890,1985.00,3967.00,5952.00,3967,1985,0.00,0.00,0,0
1558827336,s2-eth1,6007552.00,146890.00,6154442.00,146890,6007552,3968.00,1985.00,5953.00,1985,3968,0.00,0.00,0,0
1558827336,lo,0.00,0.00,0.00,0,0,0.00,0.00,0.00,0,0,0.00,0.00,0,0
1558827336,s4,0.00,0.00,0.00,0,0,0.00,0.00,0.00,0,0,0.00,0.00,0,0
1558827336,s3-eth2,146890.00,6003010.00,6149900.00,6003010,146890,1985.00,3965.00,5950.00,3965,1985,0.00,0.00,0,0
1558827336,s3-eth1,6006038.00,146890.00,6152928.00,146890,6006038,3967.00,1985.00,5952.00,1985,3967,0.00,0.00,0,0
1558827336,total,18464840.00,18457344.00,36922184.00,18457344,18464840,17860.00,17856.00,35716.00,17856,17860,0.00,0.00,0,0
1558827337,s5,0.00,0.00,0.00,0,0,0.00,0.00,0.00,0,0,0.00,0.00,0,0
1558827337,s1,0.00,342.00,342.00,342,0,0.00,1.00,1.00,1,0,0.00,0.00,0,0
1558827337,eth0,0.00,0.00,0.00,0,0,0.00,0.00,0.00,0,0,0.00,0.00,0,0
1558827337,eth1,0.00,0.00,0.00,0,0,0.00,0.00,0.00,0,0,0.00,0.00,0,0
1558827337,s2,0.00,0.00,0.00,0,0,0.00,0.00,0.00,0,0,0.00,0.00,0,0
1558827337,s1-eth2,146890.00,6012436.00,6159326.00,6012436,146890,1985.00,3972.00,5957.00,3972,1985,0.00,0.00,0,0
1558827337,s1-eth1,6012436.00,146890.00,6159326.00,146890,6012436,3972.00,1985.00,5957.00,1985,3972,0.00,0.00,0,0
1558827337,s3,0.00,0.00,0.00,0,0,0.00,0.00,0.00,0,0,0.00,0.00,0,0
1558827337,s2-eth2,146964.00,6015122.00,6162086.00,6015122,146964,1986.00,3973.00,5959.00,3973,1986,0.00,0.00,0,0
1558827337,s2-eth1,6012436.00,146890.00,6159326.00,146890,6012436,3972.00,1985.00,5957.00,1985,3972,0.00,0.00,0,0
1558827337,lo,1186.00,1186.00,2372.00,1186,1186,18.00,18.00,36.00,18,18,0.00,0.00,0,0
1558827337,s4,0.00,0.00,0.00,0,0,0.00,0.00,0.00,0,0,0.00,0.00,0,0
1558827337,s3-eth2,146964.00,6016636.00,6163600.00,6016636,146964,1986.00,3974.00,5960.00,3974,1986,0.00,0.00,0,0
1558827337,s3-eth1,6015122.00,146964.00,6162086.00,146964,6015122,3973.00,1986.00,5959.00,1986,3973,0.00,0.00,0,0
1558827337,total,18481998.00,18486466.00,36968464.00,18486466,18481998,17892.00,17894.00,35786.00,17894,17892,0.00,0.00,0,0
1558827338,s5,0.00,0.00,0.00,0,0,0.00,0.00,0.00,0,0,0.00,0.00,0,0
1558827338,s1,0.00,342.00,342.00,342,0,0.00,1.00,1.00,1,0,0.00,0.00,0,0
1558827338,eth0,0.00,0.00,0.00,0,0,0.00,0.00,0.00,0,0,0.00,0.00,0,0
1558827338,eth1,0.00,0.00,0.00,0,0,0.00,0.00,0.00,0,0,0.00,0.00,0,0
1558827338,s2,0.00,342.00,342.00,342,0,0.00,1.00,1.00,1,0,0.00,0.00,0,0
1558827338,s1-eth2,146668.00,5998810.00,6145478.00,5998810,146668,1982.00,3963.00,5945.00,3963,1982,0.00,0.00,0,0
1558827338,s1-eth1,6000324.00,146594.00,6146918.00,146594,6000324,3964.00,1981.00,5945.00,1981,3964,0.00,0.00,0,0
1558827338,s3,0.00,0.00,0.00,0,0,0.00,0.00,0.00,0,0,0.00,0.00,0,0
1558827338,s2-eth2,146594.00,5998810.00,6145404.00,5998810,146594,1981.00,3963.00,5944.00,3963,1981,0.00,0.00,0,0
1558827338,s2-eth1,5998810.00,146668.00,6145478.00,146668,5998810,3963.00,1982.00,5945.00,1982,3963,0.00,0.00,0,0
1558827338,lo,652.00,652.00,1304.00,652,652,6.00,6.00,12.00,6,6,0.00,0.00,0,0
1558827338,s4,0.00,0.00,0.00,0,0,0.00,0.00,0.00,0,0,0.00,0.00,0,0
1558827338,s3-eth2,146594.00,6001496.00,6148090.00,6001496,146594,1981.00,3964.00,5945.00,3964,1981,0.00,0.00,0,0
1558827338,s3-eth1,5998810.00,146594.00,6145404.00,146594,5998810,3963.00,1981.00,5944.00,1981,3963,0.00,0.00,0,0
1558827338,total,18438452.00,18440308.00,36878760.00,18440308,18438452,17840.00,17842.00,35682.00,17842,17840,0.00,0.00,0,0
1558827339,s5,0.00,0.00,0.00,0,0,0.00,0.00,0.00,0,0,0.00,0.00,0,0
1558827339,s1,0.00,0.00,0.00,0,0,0.00,0.00,0.00,0,0,0.00,0.00,0,0
1558827339,eth0,0.00,0.00,0.00,0,0,0.00,0.00,0.00,0,0,0.00,0.00,0,0
1558827339,eth1,0.00,0.00,0.00,0,0,0.00,0.00,0.00,0,0,0.00,0.00,0,0
1558827339,s2,0.00,0.00,0.00,0,0,0.00,0.00,0.00,0,0,0.00,0.00,0,0
1558827339,s1-eth2,144670.00,5922768.00,6067438.00,5922768,144670,1955.00,3912.00,5867.00,3912,1955,0.00,0.00,0,0
1558827339,s1-eth1,5921254.00,144744.00,6065998.00,144744,5921254,3911.00,1956.00,5867.00,1956,3911,0.00,0.00,0,0
1558827339,s3,0.00,0.00,0.00,0,0,0.00,0.00,0.00,0,0,0.00,0.00,0,0
1558827339,s2-eth2,144670.00,5921254.00,6065924.00,5921254,144670,1955.00,3911.00,5866.00,3911,1955,0.00,0.00,0,0
1558827339,s2-eth1,5924282.00,144670.00,6068952.00,144670,5924282,3913.00,1955.00,5868.00,1955,3913,0.00,0.00,0,0
1558827339,lo,0.00,0.00,0.00,0,0,0.00,0.00,0.00,0,0,0.00,0.00,0,0
1558827339,s4,0.00,0.00,0.00,0,0,0.00,0.00,0.00,0,0,0.00,0.00,0,0
1558827339,s3-eth2,144744.00,5921254.00,6065998.00,5921254,144744,1956.00,3911.00,5867.00,3911,1956,0.00,0.00,0,0
1558827339,s3-eth1,5921254.00,144670.00,6065924.00,144670,5921254,3911.00,1955.00,5866.00,1955,3911,0.00,0.00,0,0
1558827339,total,18200874.00,18199360.00,36400232.00,18199360,18200874,17601.00,17600.00,35201.00,17600,17601,0.00,0.00,0,0
1558827340,s5,0.00,0.00,0.00,0,0,0.00,0.00,0.00,0,0,0.00,0.00,0,0
1558827340,s1,0.00,0.00,0.00,0,0,0.00,0.00,0.00,0,0,0.00,0.00,0,0
1558827340,eth0,0.00,0.00,0.00,0,0,0.00,0.00,0.00,0,0,0.00,0.00,0,0
1558827340,eth1,0.00,0.00,0.00,0,0,0.00,0.00,0.00,0,0,0.00,0.00,0,0
1558827340,s2,0.00,0.00,0.00,0,0,0.00,0.00,0.00,0,0,0.00,0.00,0,0
1558827340,s1-eth2,145558.00,5954562.00,6100120.00,5954562,145558,1967.00,3933.00,5900.00,3933,1967,0.00,0.00,0,0
1558827340,s1-eth1,5954562.00,145484.00,6100046.00,145484,5954562,3933.00,1966.00,5899.00,1966,3933,0.00,0.00,0,0
1558827340,s3,0.00,0.00,0.00,0,0,0.00,0.00,0.00,0,0,0.00,0.00,0,0
1558827340,s2-eth2,145558.00,5959104.00,6104662.00,5959104,145558,1967.00,3936.00,5903.00,3936,1967,0.00,0.00,0,0
1558827340,s2-eth1,5953048.00,145558.00,6098606.00,145558,5953048,3932.00,1967.00,5899.00,1967,3932,0.00,0.00,0,0
1558827340,lo,0.00,0.00,0.00,0,0,0.00,0.00,0.00,0,0,0.00,0.00,0,0
1558827340,s4,0.00,0.00,0.00,0,0,0.00,0.00,0.00,0,0,0.00,0.00,0,0
1558827340,s3-eth2,145484.00,5954562.00,6100046.00,5954562,145484,1966.00,3933.00,5899.00,3933,1966,0.00,0.00,0,0
1558827340,s3-eth1,5959104.00,145558.00,6104662.00,145558,5959104,3936.00,1967.00,5903.00,1967,3936,0.00,0.00,0,0
1558827340,total,18303314.00,18304828.00,36608144.00,18304828,18303314,17701.00,17702.00,35403.00,17702,17701,0.00,0.00,0,0
1558827341,s5,0.00,0.00,0.00,0,0,0.00,0.00,0.00,0,0,0.00,0.00,0,0
1558827341,s1,0.00,0.00,0.00,0,0,0.00,0.00,0.00,0,0,0.00,0.00,0,0
1558827341,eth0,0.00,0.00,0.00,0,0,0.00,0.00,0.00,0,0,0.00,0.00,0,0
1558827341,eth1,0.00,0.00,0.00,0,0,0.00,0.00,0.00,0,0,0.00,0.00,0,0
1558827341,s2,0.00,0.00,0.00,0,0,0.00,0.00,0.00,0,0,0.00,0.00,0,0
1558827341,s1-eth2,146816.00,6007552.00,6154368.00,6007552,146816,1984.00,3968.00,5952.00,3968,1984,0.00,0.00,0,0
1558827341,s1-eth1,6007552.00,146816.00,6154368.00,146816,6007552,3968.00,1984.00,5952.00,1984,3968,0.00,0.00,0,0
1558827341,s3,0.00,0.00,0.00,0,0,0.00,0.00,0.00,0,0,0.00,0.00,0,0
1558827341,s2-eth2,146816.00,6007552.00,6154368.00,6007552,146816,1984.00,3968.00,5952.00,3968,1984,0.00,0.00,0,0
1558827341,s2-eth1,6007552.00,146816.00,6154368.00,146816,6007552,3968.00,1984.00,5952.00,1984,3968,0.00,0.00,0,0
1558827341,lo,0.00,0.00,0.00,0,0,0.00,0.00,0.00,0,0,0.00,0.00,0,0
1558827341,s4,0.00,0.00,0.00,0,0,0.00,0.00,0.00,0,0,0.00,0.00,0,0
1558827341,s3-eth2,146964.00,6007552.00,6154516.00,6007552,146964,1986.00,3968.00,5954.00,3968,1986,0.00,0.00,0,0
1558827341,s3-eth1,6007552.00,146816.00,6154368.00,146816,6007552,3968.00,1984.00,5952.00,1984,3968,0.00,0.00,0,0
1558827341,total,18463252.00,18463104.00,36926356.00,18463104,18463252,17858.00,17856.00,35714.00,17856,17858,0.00,0.00,0,0
1558827342,s5,0.00,0.00,0.00,0,0,0.00,0.00,0.00,0,0,0.00,0.00,0,0
1558827342,s1,0.00,0.00,0.00,0,0,0.00,0.00,0.00,0,0,0.00,0.00,0,0
1558827342,eth0,0.00,0.00,0.00,0,0,0.00,0.00,0.00,0,0,0.00,0.00,0,0
1558827342,eth1,0.00,0.00,0.00,0,0,0.00,0.00,0.00,0,0,0.00,0.00,0,0
1558827342,s2,0.00,0.00,0.00,0,0,0.00,0.00,0.00,0,0,0.00,0.00,0,0
1558827342,s1-eth2,146890.00,6013608.00,6160498.00,6013608,146890,1985.00,3972.00,5957.00,3972,1985,0.00,0.00,0,0
1558827342,s1-eth1,6010580.00,146964.00,6157544.00,146964,6010580,3970.00,1986.00,5956.00,1986,3970,0.00,0.00,0,0
1558827342,s3,0.00,0.00,0.00,0,0,0.00,0.00,0.00,0,0,0.00,0.00,0,0
1558827342,s2-eth2,146890.00,6007552.00,6154442.00,6007552,146890,1985.00,3968.00,5953.00,3968,1985,0.00,0.00,0,0
1558827342,s2-eth1,6013608.00,146890.00,6160498.00,146890,6013608,3972.00,1985.00,5957.00,1985,3972,0.00,0.00,0,0
1558827342,lo,516.00,516.00,1032.00,516,516,9.00,9.00,18.00,9,9,0.00,0.00,0,0
1558827342,s4,0.00,0.00,0.00,0,0,0.00,0.00,0.00,0,0,0.00,0.00,0,0
1558827342,s3-eth2,147084.00,6009066.00,6156150.00,6009066,147084,1984.00,3969.00,5953.00,3969,1984,0.00,0.00,0,0
1558827342,s3-eth1,6007552.00,146890.00,6154442.00,146890,6007552,3968.00,1985.00,5953.00,1985,3968,0.00,0.00,0,0
1558827342,total,18473120.00,18471486.00,36944608.00,18471486,18473120,17873.00,17874.00,35747.00,17874,17873,0.00,0.00,0,0
1558827343,s5,0.00,0.00,0.00,0,0,0.00,0.00,0.00,0,0,0.00,0.00,0,0
1558827343,s1,0.00,0.00,0.00,0,0,0.00,0.00,0.00,0,0,0.00,0.00,0,0
1558827343,eth0,0.00,0.00,0.00,0,0,0.00,0.00,0.00,0,0,0.00,0.00,0,0
1558827343,eth1,0.00,0.00,0.00,0,0,0.00,0.00,0.00,0,0,0.00,0.00,0,0
1558827343,s2,0.00,0.00,0.00,0,0,0.00,0.00,0.00,0,0,0.00,0.00,0,0
1558827343,s1-eth2,146668.00,6003010.00,6149678.00,6003010,146668,1982.00,3965.00,5947.00,3965,1982,0.00,0.00,0,0
1558827343,s1-eth1,6001838.00,146668.00,6148506.00,146668,6001838,3965.00,1982.00,5947.00,1982,3965,0.00,0.00,0,0
1558827343,s3,0.00,342.00,342.00,342,0,0.00,1.00,1.00,1,0,0.00,0.00,0,0
1558827343,s2-eth2,147010.00,6003010.00,6150020.00,6003010,147010,1983.00,3965.00,5948.00,3965,1983,0.00,0.00,0,0
1558827343,s2-eth1,6003010.00,146668.00,6149678.00,146668,6003010,3965.00,1982.00,5947.00,1982,3965,0.00,0.00,0,0
1558827343,lo,670.00,670.00,1340.00,670,670,9.00,9.00,18.00,9,9,0.00,0.00,0,0
1558827343,s4,0.00,0.00,0.00,0,0,0.00,0.00,0.00,0,0,0.00,0.00,0,0
1558827343,s3-eth2,147084.00,6001496.00,6148580.00,6001496,147084,1984.00,3964.00,5948.00,3964,1984,0.00,0.00,0,0
1558827343,s3-eth1,6003010.00,147010.00,6150020.00,147010,6003010,3965.00,1983.00,5948.00,1983,3965,0.00,0.00,0,0
1558827343,total,18449290.00,18448874.00,36898164.00,18448874,18449290,17853.00,17851.00,35704.00,17851,17853,0.00,0.00,0,0
1558827344,s5,0.00,0.00,0.00,0,0,0.00,0.00,0.00,0,0,0.00,0.00,0,0
1558827344,s1,0.00,0.00,0.00,0,0,0.00,0.00,0.00,0,0,0.00,0.00,0,0
1558827344,eth0,0.00,0.00,0.00,0,0,0.00,0.00,0.00,0,0,0.00,0.00,0,0
1558827344,eth1,0.00,0.00,0.00,0,0,0.00,0.00,0.00,0,0,0.00,0.00,0,0
1558827344,s2,0.00,342.00,342.00,342,0,0.00,1.00,1.00,1,0,0.00,0.00,0,0
1558827344,s1-eth2,146862.00,5993926.00,6140788.00,5993926,146862,1981.00,3959.00,5940.00,3959,1981,0.00,0.00,0,0
1558827344,s1-eth1,5995440.00,146520.00,6141960.00,146520,5995440,3960.00,1980.00,5940.00,1980,3960,0.00,0.00,0,0
1558827344,s3,0.00,342.00,342.00,342,0,0.00,1.00,1.00,1,0,0.00,0.00,0,0
1558827344,s2-eth2,146936.00,5995440.00,6142376.00,5995440,146936,1982.00,3960.00,5942.00,3960,1982,0.00,0.00,0,0
1558827344,s2-eth1,5993926.00,146862.00,6140788.00,146862,5993926,3959.00,1981.00,5940.00,1981,3959,0.00,0.00,0,0
1558827344,lo,652.00,652.00,1304.00,652,652,6.00,6.00,12.00,6,6,0.00,0.00,0,0
1558827344,s4,0.00,0.00,0.00,0,0,0.00,0.00,0.00,0,0,0.00,0.00,0,0
1558827344,s3-eth2,146862.00,6001496.00,6148358.00,6001496,146862,1981.00,3964.00,5945.00,3964,1981,0.00,0.00,0,0
1558827344,s3-eth1,5995440.00,146936.00,6142376.00,146936,5995440,3960.00,1982.00,5942.00,1982,3960,0.00,0.00,0,0
1558827344,total,18426118.00,18432516.00,36858632.00,18432516,18426118,17829.00,17834.00,35663.00,17834,17829,0.00,0.00,0,0
1558827345,s5,0.00,0.00,0.00,0,0,0.00,0.00,0.00,0,0,0.00,0.00,0,0
1558827345,s1,0.00,342.00,342.00,342,0,0.00,1.00,1.00,1,0,0.00,0.00,0,0
1558827345,eth0,0.00,0.00,0.00,0,0,0.00,0.00,0.00,0,0,0.00,0.00,0,0
1558827345,eth1,0.00,0.00,0.00,0,0,0.00,0.00,0.00,0,0,0.00,0.00,0,0
1558827345,s2,0.00,342.00,342.00,342,0,0.00,1.00,1.00,1,0,0.00,0.00,0,0
1558827345,s1-eth2,146668.00,5998810.00,6145478.00,5998810,146668,1982.00,3963.00,5945.00,3963,1982,0.00,0.00,0,0
1558827345,s1-eth1,6001838.00,146668.00,6148506.00,146668,6001838,3965.00,1982.00,5947.00,1982,3965,0.00,0.00,0,0
1558827345,s3,0.00,0.00,0.00,0,0,0.00,0.00,0.00,0,0,0.00,0.00,0,0
1558827345,s2-eth2,146594.00,5998810.00,6145404.00,5998810,146594,1981.00,3963.00,5944.00,3963,1981,0.00,0.00,0,0
1558827345,s2-eth1,5998810.00,146668.00,6145478.00,146668,5998810,3963.00,1982.00,5945.00,1982,3963,0.00,0.00,0,0
1558827345,lo,652.00,652.00,1304.00,652,652,6.00,6.00,12.00,6,6,0.00,0.00,0,0
1558827345,s4,0.00,0.00,0.00,0,0,0.00,0.00,0.00,0,0,0.00,0.00,0,0
1558827345,s3-eth2,146594.00,5998468.00,6145062.00,5998468,146594,1981.00,3962.00,5943.00,3962,1981,0.00,0.00,0,0
1558827345,s3-eth1,5998810.00,146594.00,6145404.00,146594,5998810,3963.00,1981.00,5944.00,1981,3963,0.00,0.00,0,0
1558827345,total,18439966.00,18437354.00,36877320.00,18437354,18439966,17841.00,17841.00,35682.00,17841,17841,0.00,0.00,0,0
1558827346,s5,0.00,0.00,0.00,0,0,0.00,0.00,0.00,0,0,0.00,0.00,0,0
1558827346,s1,0.00,0.00,0.00,0,0,0.00,0.00,0.00,0,0,0.00,0.00,0,0
1558827346,eth0,0.00,0.00,0.00,0,0,0.00,0.00,0.00,0,0,0.00,0.00,0,0
1558827346,eth1,0.00,0.00,0.00,0,0,0.00,0.00,0.00,0,0,0.00,0.00,0,0
1558827346,s2,0.00,0.00,0.00,0,0,0.00,0.00,0.00,0,0,0.00,0.00,0,0
1558827346,s1-eth2,146668.00,6001496.00,6148164.00,6001496,146668,1982.00,3964.00,5946.00,3964,1982,0.00,0.00,0,0
1558827346,s1-eth1,6001496.00,146594.00,6148090.00,146594,6001496,3964.00,1981.00,5945.00,1981,3964,0.00,0.00,0,0
1558827346,s3,0.00,0.00,0.00,0,0,0.00,0.00,0.00,0,0,0.00,0.00,0,0
1558827346,s2-eth2,146668.00,6001496.00,6148164.00,6001496,146668,1982.00,3964.00,5946.00,3964,1982,0.00,0.00,0,0
1558827346,s2-eth1,6001496.00,146668.00,6148164.00,146668,6001496,3964.00,1982.00,5946.00,1982,3964,0.00,0.00,0,0
1558827346,lo,0.00,0.00,0.00,0,0,0.00,0.00,0.00,0,0,0.00,0.00,0,0
1558827346,s4,0.00,0.00,0.00,0,0,0.00,0.00,0.00,0,0,0.00,0.00,0,0
1558827346,s3-eth2,146668.00,5999982.00,6146650.00,5999982,146668,1982.00,3963.00,5945.00,3963,1982,0.00,0.00,0,0
1558827346,s3-eth1,6001496.00,146668.00,6148164.00,146668,6001496,3964.00,1982.00,5946.00,1982,3964,0.00,0.00,0,0
1558827346,total,18444492.00,18442904.00,36887396.00,18442904,18444492,17838.00,17836.00,35674.00,17836,17838,0.00,0.00,0,0
1558827347,s5,0.00,0.00,0.00,0,0,0.00,0.00,0.00,0,0,0.00,0.00,0,0
1558827347,s1,0.00,340.98,340.98,342,0,0.00,1.00,1.00,1,0,0.00,0.00,0,0
1558827347,eth0,0.00,0.00,0.00,0,0,0.00,0.00,0.00,0,0,0.00,0.00,0,0
1558827347,eth1,0.00,0.00,0.00,0,0,0.00,0.00,0.00,0,0,0.00,0.00,0,0
1558827347,s2,0.00,0.00,0.00,0,0,0.00,0.00,0.00,0,0,0.00,0.00,0,0
1558827347,s1-eth2,146745.77,5956716.00,6103461.50,5974586,147186,1983.05,3935.19,5918.25,3947,1989,0.00,0.00,0,0
1558827347,s1-eth1,5956716.00,146671.98,6103388.00,147112,5974586,3935.19,1982.05,5917.25,1988,3947,0.00,0.00,0,0
1558827347,s3,0.00,0.00,0.00,0,0,0.00,0.00,0.00,0,0,0.00,0.00,0,0
1558827347,s2-eth2,146819.55,5956375.00,6103194.50,5974244,147260,1984.05,3934.20,5918.25,3946,1990,0.00,0.00,0,0
1558827347,s2-eth1,5956716.00,146745.77,6103461.50,147186,5974586,3935.19,1983.05,5918.25,1989,3947,0.00,0.00,0,0
1558827347,lo,668.00,668.00,1335.99,670,670,8.97,8.97,17.95,9,9,0.00,0.00,0,0
1558827347,s4,0.00,0.00,0.00,0,0,0.00,0.00,0.00,0,0,0.00,0.00,0,0
1558827347,s3-eth2,146819.55,5951846.50,6098666.00,5969702,147260,1984.05,3931.21,5915.25,3943,1990,0.00,0.00,0,0
1558827347,s3-eth1,5956375.00,146819.55,6103194.50,147260,5974244,3934.20,1984.05,5918.25,1990,3946,0.00,0.00,0,0
1558827347,total,18310860.00,18306184.00,36617044.00,18361102,18365792,17764.71,17759.72,35524.43,17813,17818,0.00,0.00,0,0
1558827348,s5,0.00,0.00,0.00,0,0,0.00,0.00,0.00,0,0,0.00,0.00,0,0
1558827348,s1,0.00,107.00,107.00,107,0,0.00,1.00,1.00,1,0,0.00,0.00,0,0
1558827348,eth0,0.00,0.00,0.00,0,0,0.00,0.00,0.00,0,0,0.00,0.00,0,0
1558827348,eth1,0.00,0.00,0.00,0,0,0.00,0.00,0.00,0,0,0.00,0.00,0,0
1558827348,s2,0.00,214.00,214.00,214,0,0.00,2.00,2.00,2,0,0.00,0.00,0,0
1558827348,s1-eth2,146627.00,6027341.00,6173968.00,6027341,146627,1981.00,3982.00,5963.00,3982,1981,0.00,0.00,0,0
1558827348,s1-eth1,6027448.00,146372.00,6173820.00,146372,6027448,3983.00,1978.00,5961.00,1978,3983,0.00,0.00,0,0
1558827348,s3,0.00,214.00,214.00,214,0,0.00,2.00,2.00,2,0,0.00,0.00,0,0
1558827348,s2-eth2,146660.00,6025827.00,6172487.00,6025827,146660,1981.00,3981.00,5962.00,3981,1981,0.00,0.00,0,0
1558827348,s2-eth1,6027341.00,146627.00,6173968.00,146627,6027341,3982.00,1981.00,5963.00,1981,3982,0.00,0.00,0,0
1558827348,lo,1525.00,1525.00,3050.00,1525,1525,15.00,15.00,30.00,15,15,0.00,0.00,0,0
1558827348,s4,0.00,0.00,0.00,0,0,0.00,0.00,0.00,0,0,0.00,0.00,0,0
1558827348,s3-eth2,146841.00,6025720.00,6172561.00,6025720,146841,1983.00,3980.00,5963.00,3980,1983,0.00,0.00,0,0
1558827348,s3-eth1,6025827.00,146660.00,6172487.00,146660,6025827,3981.00,1981.00,5962.00,1981,3981,0.00,0.00,0,0
1558827348,total,18522268.00,18520608.00,37042876.00,18520607,18522269,17906.00,17903.00,35809.00,17903,17906,0.00,0.00,0,0
1558827349,s5,0.00,0.00,0.00,0,0,0.00,0.00,0.00,0,0,0.00,0.00,0,0
1558827349,s1,0.00,107.00,107.00,107,0,0.00,1.00,1.00,1,0,0.00,0.00,0,0
1558827349,eth0,0.00,0.00,0.00,0,0,0.00,0.00,0.00,0,0,0.00,0.00,0,0
1558827349,eth1,0.00,0.00,0.00,0,0,0.00,0.00,0.00,0,0,0.00,0.00,0,0
1558827349,s2,0.00,0.00,0.00,0,0,0.00,0.00,0.00,0,0,0.00,0.00,0,0
1558827349,s1-eth2,146668.00,6012201.00,6158869.00,6012201,146668,1982.00,3972.00,5954.00,3972,1982,0.00,0.00,0,0
1558827349,s1-eth1,6012201.00,146964.00,6159165.00,146964,6012201,3972.00,1986.00,5958.00,1986,3972,0.00,0.00,0,0
1558827349,s3,0.00,0.00,0.00,0,0,0.00,0.00,0.00,0,0,0.00,0.00,0,0
1558827349,s2-eth2,146816.00,6012094.00,6158910.00,6012094,146816,1984.00,3971.00,5955.00,3971,1984,0.00,0.00,0,0
1558827349,s2-eth1,6012201.00,146668.00,6158869.00,146668,6012201,3972.00,1982.00,5954.00,1982,3972,0.00,0.00,0,0
1558827349,lo,305.00,305.00,610.00,305,305,3.00,3.00,6.00,3,3,0.00,0.00,0,0
1558827349,s4,0.00,0.00,0.00,0,0,0.00,0.00,0.00,0,0,0.00,0.00,0,0
1558827349,s3-eth2,146890.00,6012094.00,6158984.00,6012094,146890,1985.00,3971.00,5956.00,3971,1985,0.00,0.00,0,0
1558827349,s3-eth1,6012094.00,146816.00,6158910.00,146816,6012094,3971.00,1984.00,5955.00,1984,3971,0.00,0.00,0,0
1558827349,total,18477176.00,18477248.00,36954424.00,18477249,18477175,17869.00,17870.00,35739.00,17870,17869,0.00,0.00,0,0
1558827350,s5,0.00,0.00,0.00,0,0,0.00,0.00,0.00,0,0,0.00,0.00,0,0
1558827350,s1,0.00,0.00,0.00,0,0,0.00,0.00,0.00,0,0,0.00,0.00,0,0
1558827350,eth0,0.00,0.00,0.00,0,0,0.00,0.00,0.00,0,0,0.00,0.00,0,0
1558827350,eth1,0.00,0.00,0.00,0,0,0.00,0.00,0.00,0,0,0.00,0.00,0,0
1558827350,s2,0.00,0.00,0.00,0,0,0.00,0.00,0.00,0,0,0.00,0.00,0,0
1558827350,s1-eth2,146446.00,5999982.00,6146428.00,5999982,146446,1979.00,3963.00,5942.00,3963,1979,0.00,0.00,0,0
1558827350,s1-eth1,5999982.00,146446.00,6146428.00,146446,5999982,3963.00,1979.00,5942.00,1979,3963,0.00,0.00,0,0
1558827350,s3,0.00,0.00,0.00,0,0,0.00,0.00,0.00,0,0,0.00,0.00,0,0
1558827350,s2-eth2,146372.00,6001496.00,6147868.00,6001496,146372,1978.00,3964.00,5942.00,3964,1978,0.00,0.00,0,0
1558827350,s2-eth1,5999982.00,146446.00,6146428.00,146446,5999982,3963.00,1979.00,5942.00,1979,3963,0.00,0.00,0,0
1558827350,lo,0.00,0.00,0.00,0,0,0.00,0.00,0.00,0,0,0.00,0.00,0,0
1558827350,s4,0.00,0.00,0.00,0,0,0.00,0.00,0.00,0,0,0.00,0.00,0,0
1558827350,s3-eth2,146446.00,6001496.00,6147942.00,6001496,146446,1979.00,3964.00,5943.00,3964,1979,0.00,0.00,0,0
1558827350,s3-eth1,6001496.00,146372.00,6147868.00,146372,6001496,3964.00,1978.00,5942.00,1978,3964,0.00,0.00,0,0
1558827350,total,18440724.00,18442238.00,36882960.00,18442238,18440724,17826.00,17827.00,35653.00,17827,17826,0.00,0.00,0,0
1558827351,s5,0.00,0.00,0.00,0,0,0.00,0.00,0.00,0,0,0.00,0.00,0,0
1558827351,s1,0.00,0.00,0.00,0,0,0.00,0.00,0.00,0,0,0.00,0.00,0,0
1558827351,eth0,0.00,0.00,0.00,0,0,0.00,0.00,0.00,0,0,0.00,0.00,0,0
1558827351,eth1,0.00,0.00,0.00,0,0,0.00,0.00,0.00,0,0,0.00,0.00,0,0
1558827351,s2,0.00,342.00,342.00,342,0,0.00,1.00,1.00,1,0,0.00,0.00,0,0
1558827351,s1-eth2,147380.00,6016636.00,6164016.00,6016636,147380,1988.00,3974.00,5962.00,3974,1988,0.00,0.00,0,0
1558827351,s1-eth1,6016636.00,147038.00,6163674.00,147038,6016636,3974.00,1987.00,5961.00,1987,3974,0.00,0.00,0,0
1558827351,s3,0.00,342.00,342.00,342,0,0.00,1.00,1.00,1,0,0.00,0.00,0,0
1558827351,s2-eth2,147380.00,6016636.00,6164016.00,6016636,147380,1988.00,3974.00,5962.00,3974,1988,0.00,0.00,0,0
1558827351,s2-eth1,6016636.00,147380.00,6164016.00,147380,6016636,3974.00,1988.00,5962.00,1988,3974,0.00,0.00,0,0
1558827351,lo,652.00,652.00,1304.00,652,652,6.00,6.00,12.00,6,6,0.00,0.00,0,0
1558827351,s4,0.00,0.00,0.00,0,0,0.00,0.00,0.00,0,0,0.00,0.00,0,0
1558827351,s3-eth2,147158.00,6022692.00,6169850.00,6022692,147158,1985.00,3978.00,5963.00,3978,1985,0.00,0.00,0,0
1558827351,s3-eth1,6016636.00,147380.00,6164016.00,147380,6016636,3974.00,1988.00,5962.00,1988,3974,0.00,0.00,0,0
1558827351,total,18492478.00,18499098.00,36991576.00,18499098,18492478,17889.00,17897.00,35786.00,17897,17889,0.00,0.00,0,0
1558827352,s5,0.00,0.00,0.00,0,0,0.00,0.00,0.00,0,0,0.00,0.00,0,0
1558827352,s1,0.00,0.00,0.00,0,0,0.00,0.00,0.00,0,0,0.00,0.00,0,0
1558827352,eth0,0.00,0.00,0.00,0,0,0.00,0.00,0.00,0,0,0.00,0.00,0,0
1558827352,eth1,0.00,0.00,0.00,0,0,0.00,0.00,0.00,0,0,0.00,0.00,0,0
1558827352,s2,0.00,0.00,0.00,0,0,0.00,0.00,0.00,0,0,0.00,0.00,0,0
1558827352,s1-eth2,146446.00,5990898.00,6137344.00,5990898,146446,1979.00,3957.00,5936.00,3957,1979,0.00,0.00,0,0
1558827352,s1-eth1,5990898.00,146446.00,6137344.00,146446,5990898,3957.00,1979.00,5936.00,1979,3957,0.00,0.00,0,0
1558827352,s3,0.00,0.00,0.00,0,0,0.00,0.00,0.00,0,0,0.00,0.00,0,0
1558827352,s2-eth2,146446.00,5987870.00,6134316.00,5987870,146446,1979.00,3955.00,5934.00,3955,1979,0.00,0.00,0,0
1558827352,s2-eth1,5990898.00,146446.00,6137344.00,146446,5990898,3957.00,1979.00,5936.00,1979,3957,0.00,0.00,0,0
1558827352,lo,344.00,344.00,688.00,344,344,6.00,6.00,12.00,6,6,0.00,0.00,0,0
1558827352,s4,0.00,0.00,0.00,0,0,0.00,0.00,0.00,0,0,0.00,0.00,0,0
1558827352,s3-eth2,146446.00,5981814.00,6128260.00,5981814,146446,1979.00,3951.00,5930.00,3951,1979,0.00,0.00,0,0
1558827352,s3-eth1,5987870.00,146446.00,6134316.00,146446,5987870,3955.00,1979.00,5934.00,1979,3955,0.00,0.00,0,0
1558827352,total,18409348.00,18400264.00,36809612.00,18400264,18409348,17812.00,17806.00,35618.00,17806,17812,0.00,0.00,0,0
1558827353,s5,0.00,0.00,0.00,0,0,0.00,0.00,0.00,0,0,0.00,0.00,0,0
1558827353,s1,0.00,0.00,0.00,0,0,0.00,0.00,0.00,0,0,0.00,0.00,0,0
1558827353,eth0,0.00,0.00,0.00,0,0,0.00,0.00,0.00,0,0,0.00,0.00,0,0
1558827353,eth1,0.00,0.00,0.00,0,0,0.00,0.00,0.00,0,0,0.00,0.00,0,0
1558827353,s2,0.00,0.00,0.00,0,0,0.00,0.00,0.00,0,0,0.00,0.00,0,0
1558827353,s1-eth2,147260.00,6025720.00,6172980.00,6025720,147260,1990.00,3980.00,5970.00,3980,1990,0.00,0.00,0,0
1558827353,s1-eth1,6025720.00,147260.00,6172980.00,147260,6025720,3980.00,1990.00,5970.00,1990,3980,0.00,0.00,0,0
1558827353,s3,0.00,0.00,0.00,0,0,0.00,0.00,0.00,0,0,0.00,0.00,0,0
1558827353,s2-eth2,147186.00,6028748.00,6175934.00,6028748,147186,1989.00,3982.00,5971.00,3982,1989,0.00,0.00,0,0
1558827353,s2-eth1,6025720.00,147260.00,6172980.00,147260,6025720,3980.00,1990.00,5970.00,1990,3980,0.00,0.00,0,0
1558827353,lo,172.00,172.00,344.00,172,172,3.00,3.00,6.00,3,3,0.00,0.00,0,0
1558827353,s4,0.00,0.00,0.00,0,0,0.00,0.00,0.00,0,0,0.00,0.00,0,0
1558827353,s3-eth2,147260.00,6028748.00,6176008.00,6028748,147260,1990.00,3982.00,5972.00,3982,1990,0.00,0.00,0,0
1558827353,s3-eth1,6028748.00,147186.00,6175934.00,147186,6028748,3982.00,1989.00,5971.00,1989,3982,0.00,0.00,0,0
1558827353,total,18522066.00,18525094.00,37047160.00,18525094,18522066,17914.00,17916.00,35830.00,17916,17914,0.00,0.00,0,0
1558827354,s5,0.00,0.00,0.00,0,0,0.00,0.00,0.00,0,0,0.00,0.00,0,0
1558827354,s1,0.00,342.00,342.00,342,0,0.00,1.00,1.00,1,0,0.00,0.00,0,0
1558827354,eth0,0.00,0.00,0.00,0,0,0.00,0.00,0.00,0,0,0.00,0.00,0,0
1558827354,eth1,0.00,0.00,0.00,0,0,0.00,0.00,0.00,0,0,0.00,0.00,0,0
1558827354,s2,0.00,342.00,342.00,342,0,0.00,1.00,1.00,1,0,0.00,0.00,0,0
1558827354,s1-eth2,147112.00,6020006.00,6167118.00,6020006,147112,1988.00,3977.00,5965.00,3977,1988,0.00,0.00,0,0
1558827354,s1-eth1,6018492.00,147038.00,6165530.00,147038,6018492,3976.00,1987.00,5963.00,1987,3976,0.00,0.00,0,0
1558827354,s3,0.00,0.00,0.00,0,0,0.00,0.00,0.00,0,0,0.00,0.00,0,0
1558827354,s2-eth2,147112.00,6018492.00,6165604.00,6018492,147112,1988.00,3976.00,5964.00,3976,1988,0.00,0.00,0,0
1558827354,s2-eth1,6020006.00,147112.00,6167118.00,147112,6020006,3977.00,1988.00,5965.00,1988,3977,0.00,0.00,0,0
1558827354,lo,652.00,652.00,1304.00,652,652,6.00,6.00,12.00,6,6,0.00,0.00,0,0
1558827354,s4,0.00,0.00,0.00,0,0,0.00,0.00,0.00,0,0,0.00,0.00,0,0
1558827354,s3-eth2,147038.00,6019664.00,6166702.00,6019664,147038,1987.00,3976.00,5963.00,3976,1987,0.00,0.00,0,0
1558827354,s3-eth1,6018492.00,147112.00,6165604.00,147112,6018492,3976.00,1988.00,5964.00,1988,3976,0.00,0.00,0,0
1558827354,total,18498904.00,18500760.00,36999664.00,18500760,18498904,17898.00,17900.00,35798.00,17900,17898,0.00,0.00,0,0
1558827355,s5,0.00,0.00,0.00,0,0,0.00,0.00,0.00,0,0,0.00,0.00,0,0
1558827355,s1,0.00,0.00,0.00,0,0,0.00,0.00,0.00,0,0,0.00,0.00,0,0
1558827355,eth0,0.00,0.00,0.00,0,0,0.00,0.00,0.00,0,0,0.00,0.00,0,0
1558827355,eth1,0.00,0.00,0.00,0,0,0.00,0.00,0.00,0,0,0.00,0.00,0,0
1558827355,s2,0.00,0.00,0.00,0,0,0.00,0.00,0.00,0,0,0.00,0.00,0,0
1558827355,s1-eth2,146742.00,6006038.00,6152780.00,6006038,146742,1983.00,3967.00,5950.00,3967,1983,0.00,0.00,0,0
1558827355,s1-eth1,6004866.00,146742.00,6151608.00,146742,6004866,3967.00,1983.00,5950.00,1983,3967,0.00,0.00,0,0
1558827355,s3,0.00,0.00,0.00,0,0,0.00,0.00,0.00,0,0,0.00,0.00,0,0
1558827355,s2-eth2,146816.00,6006038.00,6152854.00,6006038,146816,1984.00,3967.00,5951.00,3967,1984,0.00,0.00,0,0
1558827355,s2-eth1,6006038.00,146742.00,6152780.00,146742,6006038,3967.00,1983.00,5950.00,1983,3967,0.00,0.00,0,0
1558827355,lo,172.00,172.00,344.00,172,172,3.00,3.00,6.00,3,3,0.00,0.00,0,0
1558827355,s4,0.00,0.00,0.00,0,0,0.00,0.00,0.00,0,0,0.00,0.00,0,0
1558827355,s3-eth2,146816.00,6007552.00,6154368.00,6007552,146816,1984.00,3968.00,5952.00,3968,1984,0.00,0.00,0,0
1558827355,s3-eth1,6006038.00,146816.00,6152854.00,146816,6006038,3967.00,1984.00,5951.00,1984,3967,0.00,0.00,0,0
1558827355,total,18457488.00,18460100.00,36917588.00,18460100,18457488,17855.00,17855.00,35710.00,17855,17855,0.00,0.00,0,0
1558827356,s5,0.00,0.00,0.00,0,0,0.00,0.00,0.00,0,0,0.00,0.00,0,0
1558827356,s1,0.00,0.00,0.00,0,0,0.00,0.00,0.00,0,0,0.00,0.00,0,0
1558827356,eth0,0.00,0.00,0.00,0,0,0.00,0.00,0.00,0,0,0.00,0.00,0,0
1558827356,eth1,0.00,0.00,0.00,0,0,0.00,0.00,0.00,0,0,0.00,0.00,0,0
1558827356,s2,0.00,0.00,0.00,0,0,0.00,0.00,0.00,0,0,0.00,0.00,0,0
1558827356,s1-eth2,146224.00,5966674.00,6112898.00,5966674,146224,1976.00,3941.00,5917.00,3941,1976,0.00,0.00,0,0
1558827356,s1-eth1,5968188.00,145928.00,6114116.00,145928,5968188,3942.00,1972.00,5914.00,1972,3942,0.00,0.00,0,0
1558827356,s3,0.00,0.00,0.00,0,0,0.00,0.00,0.00,0,0,0.00,0.00,0,0
1558827356,s2-eth2,146816.00,5966674.00,6113490.00,5966674,146816,1984.00,3941.00,5925.00,3941,1984,0.00,0.00,0,0
1558827356,s2-eth1,5966674.00,146224.00,6112898.00,146224,5966674,3941.00,1976.00,5917.00,1976,3941,0.00,0.00,0,0
1558827356,lo,0.00,0.00,0.00,0,0,0.00,0.00,0.00,0,0,0.00,0.00,0,0
1558827356,s4,0.00,0.00,0.00,0,0,0.00,0.00,0.00,0,0,0.00,0.00,0,0
1558827356,s3-eth2,147158.00,5971216.00,6118374.00,5971216,147158,1985.00,3944.00,5929.00,3944,1985,0.00,0.00,0,0
1558827356,s3-eth1,5966674.00,146816.00,6113490.00,146816,5966674,3941.00,1984.00,5925.00,1984,3941,0.00,0.00,0,0
1558827356,total,18341734.00,18343532.00,36685264.00,18343532,18341734,17769.00,17758.00,35527.00,17758,17769,0.00,0.00,0,0
1558827357,s5,0.00,0.00,0.00,0,0,0.00,0.00,0.00,0,0,0.00,0.00,0,0
1558827357,s1,0.00,0.00,0.00,0,0,0.00,0.00,0.00,0,0,0.00,0.00,0,0
1558827357,eth0,0.00,0.00,0.00,0,0,0.00,0.00,0.00,0,0,0.00,0.00,0,0
1558827357,eth1,0.00,0.00,0.00,0,0,0.00,0.00,0.00,0,0,0.00,0.00,0,0
1558827357,s2,0.00,0.00,0.00,0,0,0.00,0.00,0.00,0,0,0.00,0.00,0,0
1558827357,s1-eth2,146372.00,5999982.00,6146354.00,5999982,146372,1978.00,3963.00,5941.00,3963,1978,0.00,0.00,0,0
1558827357,s1-eth1,6001496.00,146594.00,6148090.00,146594,6001496,3964.00,1981.00,5945.00,1981,3964,0.00,0.00,0,0
1558827357,s3,0.00,0.00,0.00,0,0,0.00,0.00,0.00,0,0,0.00,0.00,0,0
1558827357,s2-eth2,145780.00,6001496.00,6147276.00,6001496,145780,1970.00,3964.00,5934.00,3964,1970,0.00,0.00,0,0
1558827357,s2-eth1,5999982.00,146372.00,6146354.00,146372,5999982,3963.00,1978.00,5941.00,1978,3963,0.00,0.00,0,0
1558827357,lo,344.00,344.00,688.00,344,344,6.00,6.00,12.00,6,6,0.00,0.00,0,0
1558827357,s4,0.00,0.00,0.00,0,0,0.00,0.00,0.00,0,0,0.00,0.00,0,0
1558827357,s3-eth2,146002.00,6003010.00,6149012.00,6003010,146002,1973.00,3965.00,5938.00,3965,1973,0.00,0.00,0,0
1558827357,s3-eth1,6001496.00,145780.00,6147276.00,145780,6001496,3964.00,1970.00,5934.00,1970,3964,0.00,0.00,0,0
1558827357,total,18441472.00,18443578.00,36885048.00,18443578,18441472,17818.00,17827.00,35645.00,17827,17818,0.00,0.00,0,0
1558827358,s5,0.00,0.00,0.00,0,0,0.00,0.00,0.00,0,0,0.00,0.00,0,0
1558827358,s1,0.00,0.00,0.00,0,0,0.00,0.00,0.00,0,0,0.00,0.00,0,0
1558827358,eth0,0.00,0.00,0.00,0,0,0.00,0.00,0.00,0,0,0.00,0.00,0,0
1558827358,eth1,0.00,0.00,0.00,0,0,0.00,0.00,0.00,0,0,0.00,0.00,0,0
1558827358,s2,0.00,0.00,0.00,0,0,0.00,0.00,0.00,0,0,0.00,0.00,0,0
1558827358,s1-eth2,146076.00,5981814.00,6127890.00,5981814,146076,1974.00,3951.00,5925.00,3951,1974,0.00,0.00,0,0
1558827358,s1-eth1,5981814.00,146224.00,6128038.00,146224,5981814,3951.00,1976.00,5927.00,1976,3951,0.00,0.00,0,0
1558827358,s3,0.00,0.00,0.00,0,0,0.00,0.00,0.00,0,0,0.00,0.00,0,0
1558827358,s2-eth2,146298.00,5981814.00,6128112.00,5981814,146298,1977.00,3951.00,5928.00,3951,1977,0.00,0.00,0,0
1558827358,s2-eth1,5981814.00,146076.00,6127890.00,146076,5981814,3951.00,1974.00,5925.00,1974,3951,0.00,0.00,0,0
1558827358,lo,344.00,344.00,688.00,344,344,6.00,6.00,12.00,6,6,0.00,0.00,0,0
1558827358,s4,0.00,0.00,0.00,0,0,0.00,0.00,0.00,0,0,0.00,0.00,0,0
1558827358,s3-eth2,146150.00,5981814.00,6127964.00,5981814,146150,1975.00,3951.00,5926.00,3951,1975,0.00,0.00,0,0
1558827358,s3-eth1,5981814.00,146298.00,6128112.00,146298,5981814,3951.00,1977.00,5928.00,1977,3951,0.00,0.00,0,0
1558827358,total,18384310.00,18384384.00,36768696.00,18384384,18384310,17785.00,17786.00,35571.00,17786,17785,0.00,0.00,0,0
1558827359,s5,0.00,0.00,0.00,0,0,0.00,0.00,0.00,0,0,0.00,0.00,0,0
1558827359,s1,0.00,342.00,342.00,342,0,0.00,1.00,1.00,1,0,0.00,0.00,0,0
1558827359,eth0,0.00,0.00,0.00,0,0,0.00,0.00,0.00,0,0,0.00,0.00,0,0
1558827359,eth1,0.00,0.00,0.00,0,0,0.00,0.00,0.00,0,0,0.00,0.00,0,0
1558827359,s2,0.00,0.00,0.00,0,0,0.00,0.00,0.00,0,0,0.00,0.00,0,0
1558827359,s1-eth2,146594.00,5986698.00,6133292.00,5986698,146594,1981.00,3955.00,5936.00,3955,1981,0.00,0.00,0,0
1558827359,s1-eth1,5988212.00,146520.00,6134732.00,146520,5988212,3956.00,1980.00,5936.00,1980,3956,0.00,0.00,0,0
1558827359,s3,0.00,0.00,0.00,0,0,0.00,0.00,0.00,0,0,0.00,0.00,0,0
1558827359,s2-eth2,146372.00,5989384.00,6135756.00,5989384,146372,1978.00,3956.00,5934.00,3956,1978,0.00,0.00,0,0
1558827359,s2-eth1,5986698.00,146594.00,6133292.00,146594,5986698,3955.00,1981.00,5936.00,1981,3955,0.00,0.00,0,0
1558827359,lo,326.00,326.00,652.00,326,326,3.00,3.00,6.00,3,3,0.00,0.00,0,0
1558827359,s4,0.00,0.00,0.00,0,0,0.00,0.00,0.00,0,0,0.00,0.00,0,0
1558827359,s3-eth2,146372.00,5992412.00,6138784.00,5992412,146372,1978.00,3958.00,5936.00,3958,1978,0.00,0.00,0,0
1558827359,s3-eth1,5989384.00,146372.00,6135756.00,146372,5989384,3956.00,1978.00,5934.00,1978,3956,0.00,0.00,0,0
1558827359,total,18403958.00,18408648.00,36812608.00,18408648,18403958,17807.00,17812.00,35619.00,17812,17807,0.00,0.00,0,0
1558827360,s5,0.00,0.00,0.00,0,0,0.00,0.00,0.00,0,0,0.00,0.00,0,0
1558827360,s1,0.00,0.00,0.00,0,0,0.00,0.00,0.00,0,0,0.00,0.00,0,0
1558827360,eth0,0.00,0.00,0.00,0,0,0.00,0.00,0.00,0,0,0.00,0.00,0,0
1558827360,eth1,0.00,0.00,0.00,0,0,0.00,0.00,0.00,0,0,0.00,0.00,0,0
1558827360,s2,0.00,0.00,0.00,0,0,0.00,0.00,0.00,0,0,0.00,0.00,0,0
1558827360,s1-eth2,145780.00,5974244.00,6120024.00,5974244,145780,1970.00,3946.00,5916.00,3946,1970,0.00,0.00,0,0
1558827360,s1-eth1,5972730.00,145706.00,6118436.00,145706,5972730,3945.00,1969.00,5914.00,1969,3945,0.00,0.00,0,0
1558827360,s3,0.00,342.00,342.00,342,0,0.00,1.00,1.00,1,0,0.00,0.00,0,0
1558827360,s2-eth2,146122.00,5971216.00,6117338.00,5971216,146122,1971.00,3944.00,5915.00,3944,1971,0.00,0.00,0,0
1558827360,s2-eth1,5974244.00,145780.00,6120024.00,145780,5974244,3946.00,1970.00,5916.00,1970,3946,0.00,0.00,0,0
1558827360,lo,326.00,326.00,652.00,326,326,3.00,3.00,6.00,3,3,0.00,0.00,0,0
1558827360,s4,0.00,0.00,0.00,0,0,0.00,0.00,0.00,0,0,0.00,0.00,0,0
1558827360,s3-eth2,146492.00,5972730.00,6119222.00,5972730,146492,1976.00,3945.00,5921.00,3945,1976,0.00,0.00,0,0
1558827360,s3-eth1,5971216.00,146122.00,6117338.00,146122,5971216,3944.00,1971.00,5915.00,1971,3944,0.00,0.00,0,0
1558827360,total,18356910.00,18356466.00,36713376.00,18356466,18356910,17755.00,17749.00,35504.00,17749,17755,0.00,0.00,0,0
1558827361,s5,0.00,0.00,0.00,0,0,0.00,0.00,0.00,0,0,0.00,0.00,0,0
1558827361,s1,0.00,0.00,0.00,0,0,0.00,0.00,0.00,0,0,0.00,0.00,0,0
1558827361,eth0,0.00,0.00,0.00,0,0,0.00,0.00,0.00,0,0,0.00,0.00,0,0
1558827361,eth1,0.00,0.00,0.00,0,0,0.00,0.00,0.00,0,0,0.00,0.00,0,0
1558827361,s2,0.00,0.00,0.00,0,0,0.00,0.00,0.00,0,0,0.00,0.00,0,0
1558827361,s1-eth2,144744.00,5922768.00,6067512.00,5922768,144744,1956.00,3912.00,5868.00,3912,1956,0.00,0.00,0,0
1558827361,s1-eth1,5922768.00,144818.00,6067586.00,144818,5922768,3912.00,1957.00,5869.00,1957,3912,0.00,0.00,0,0
1558827361,s3,0.00,0.00,0.00,0,0,0.00,0.00,0.00,0,0,0.00,0.00,0,0
1558827361,s2-eth2,144966.00,5921254.00,6066220.00,5921254,144966,1959.00,3911.00,5870.00,3911,1959,0.00,0.00,0,0
1558827361,s2-eth1,5922768.00,144744.00,6067512.00,144744,5922768,3912.00,1956.00,5868.00,1956,3912,0.00,0.00,0,0
1558827361,lo,0.00,0.00,0.00,0,0,0.00,0.00,0.00,0,0,0.00,0.00,0,0
1558827361,s4,0.00,0.00,0.00,0,0,0.00,0.00,0.00,0,0,0.00,0.00,0,0
1558827361,s3-eth2,145040.00,5922768.00,6067808.00,5922768,145040,1960.00,3912.00,5872.00,3912,1960,0.00,0.00,0,0
1558827361,s3-eth1,5921254.00,144966.00,6066220.00,144966,5921254,3911.00,1959.00,5870.00,1959,3911,0.00,0.00,0,0
1558827361,total,18201540.00,18201318.00,36402856.00,18201318,18201540,17610.00,17607.00,35217.00,17607,17610,0.00,0.00,0,0
1558827362,s5,0.00,0.00,0.00,0,0,0.00,0.00,0.00,0,0,0.00,0.00,0,0
1558827362,s1,0.00,0.00,0.00,0,0,0.00,0.00,0.00,0,0,0.00,0.00,0,0
1558827362,eth0,0.00,0.00,0.00,0,0,0.00,0.00,0.00,0,0,0.00,0.00,0,0
1558827362,eth1,0.00,0.00,0.00,0,0,0.00,0.00,0.00,0,0,0.00,0.00,0,0
1558827362,s2,0.00,0.00,0.00,0,0,0.00,0.00,0.00,0,0,0.00,0.00,0,0
1558827362,s1-eth2,146446.00,5992412.00,6138858.00,5992412,146446,1979.00,3958.00,5937.00,3958,1979,0.00,0.00,0,0
1558827362,s1-eth1,5990898.00,146372.00,6137270.00,146372,5990898,3957.00,1978.00,5935.00,1978,3957,0.00,0.00,0,0
1558827362,s3,0.00,0.00,0.00,0,0,0.00,0.00,0.00,0,0,0.00,0.00,0,0
1558827362,s2-eth2,146224.00,5993926.00,6140150.00,5993926,146224,1976.00,3959.00,5935.00,3959,1976,0.00,0.00,0,0
1558827362,s2-eth1,5992412.00,146446.00,6138858.00,146446,5992412,3958.00,1979.00,5937.00,1979,3958,0.00,0.00,0,0
1558827362,lo,344.00,344.00,688.00,344,344,6.00,6.00,12.00,6,6,0.00,0.00,0,0
1558827362,s4,0.00,0.00,0.00,0,0,0.00,0.00,0.00,0,0,0.00,0.00,0,0
1558827362,s3-eth2,145780.00,5993926.00,6139706.00,5993926,145780,1970.00,3959.00,5929.00,3959,1970,0.00,0.00,0,0
1558827362,s3-eth1,5993926.00,146224.00,6140150.00,146224,5993926,3959.00,1976.00,5935.00,1976,3959,0.00,0.00,0,0
1558827362,total,18416030.00,18419650.00,36835680.00,18419650,18416030,17805.00,17815.00,35620.00,17815,17805,0.00,0.00,0,0
1558827363,s5,0.00,0.00,0.00,0,0,0.00,0.00,0.00,0,0,0.00,0.00,0,0
1558827363,s1,0.00,0.00,0.00,0,0,0.00,0.00,0.00,0,0,0.00,0.00,0,0
1558827363,eth0,0.00,0.00,0.00,0,0,0.00,0.00,0.00,0,0,0.00,0.00,0,0
1558827363,eth1,0.00,0.00,0.00,0,0,0.00,0.00,0.00,0,0,0.00,0.00,0,0
1558827363,s2,0.00,0.00,0.00,0,0,0.00,0.00,0.00,0,0,0.00,0.00,0,0
1558827363,s1-eth2,146594.00,6004524.00,6151118.00,6004524,146594,1981.00,3966.00,5947.00,3966,1981,0.00,0.00,0,0
1558827363,s1-eth1,6004524.00,146742.00,6151266.00,146742,6004524,3966.00,1983.00,5949.00,1983,3966,0.00,0.00,0,0
1558827363,s3,0.00,0.00,0.00,0,0,0.00,0.00,0.00,0,0,0.00,0.00,0,0
1558827363,s2-eth2,146594.00,6003010.00,6149604.00,6003010,146594,1981.00,3965.00,5946.00,3965,1981,0.00,0.00,0,0
1558827363,s2-eth1,6004524.00,146594.00,6151118.00,146594,6004524,3966.00,1981.00,5947.00,1981,3966,0.00,0.00,0,0
1558827363,lo,172.00,172.00,344.00,172,172,3.00,3.00,6.00,3,3,0.00,0.00,0,0
1558827363,s4,0.00,0.00,0.00,0,0,0.00,0.00,0.00,0,0,0.00,0.00,0,0
1558827363,s3-eth2,146742.00,6004524.00,6151266.00,6004524,146742,1983.00,3966.00,5949.00,3966,1983,0.00,0.00,0,0
1558827363,s3-eth1,6003010.00,146594.00,6149604.00,146594,6003010,3965.00,1981.00,5946.00,1981,3965,0.00,0.00,0,0
1558827363,total,18452160.00,18452160.00,36904320.00,18452160,18452160,17845.00,17845.00,35690.00,17845,17845,0.00,0.00,0,0
1558827364,s5,0.00,0.00,0.00,0,0,0.00,0.00,0.00,0,0,0.00,0.00,0,0
1558827364,s1,0.00,860.00,860.00,860,0,0.00,6.00,6.00,6,0,0.00,0.00,0,0
1558827364,eth0,1141.00,1482.00,2623.00,1482,1141,15.00,13.00,28.00,13,15,0.00,0.00,0,0
1558827364,eth1,0.00,0.00,0.00,0,0,0.00,0.00,0.00,0,0,0.00,0.00,0,0
1558827364,s2,0.00,1202.00,1202.00,1202,0,0.00,7.00,7.00,7,0,0.00,0.00,0,0
1558827364,s1-eth2,132356.00,5389186.00,5521542.00,5389186,132356,1784.00,3565.00,5349.00,3565,1784,0.00,0.00,0,0
1558827364,s1-eth1,5392744.00,131720.00,5524464.00,131720,5392744,3570.00,1780.00,5350.00,1780,3570,0.00,0.00,0,0
1558827364,s3,0.00,1202.00,1202.00,1202,0,0.00,7.00,7.00,7,0,0.00,0.00,0,0
1558827364,s2-eth2,132922.00,5390480.00,5523402.00,5390480,132922,1787.00,3564.00,5351.00,3564,1787,0.00,0.00,0,0
1558827364,s2-eth1,5390700.00,132356.00,5523056.00,132356,5390700,3566.00,1784.00,5350.00,1784,3566,0.00,0.00,0,0
1558827364,lo,8047.00,8047.00,16094.00,8047,8047,83.00,83.00,166.00,83,83,0.00,0.00,0,0
1558827364,s4,0.00,0.00,0.00,0,0,0.00,0.00,0.00,0,0,0.00,0.00,0,0
1558827364,s3-eth2,133262.00,5391354.00,5524616.00,5391354,133262,1787.00,3561.00,5348.00,3561,1787,0.00,0.00,0,0
1558827364,s3-eth1,5390480.00,132922.00,5523402.00,132922,5390480,3564.00,1787.00,5351.00,1787,3564,0.00,0.00,0,0
1558827364,total,16581652.00,16580811.00,33162464.00,16580811,16581652,16156.00,16157.00,32313.00,16157,16156,0.00,0.00,0,0
1558827365,s5,0.00,0.00,0.00,0,0,0.00,0.00,0.00,0,0,0.00,0.00,0,0
1558827365,s1,0.00,1512.00,1512.00,1512,0,0.00,10.00,10.00,10,0,0.00,0.00,0,0
1558827365,eth0,761.00,1129.00,1890.00,1129,761,10.00,10.00,20.00,10,10,0.00,0.00,0,0
1558827365,eth1,0.00,0.00,0.00,0,0,0.00,0.00,0.00,0,0,0.00,0.00,0,0
1558827365,s2,0.00,1512.00,1512.00,1512,0,0.00,10.00,10.00,10,0,0.00,0.00,0,0
1558827365,s1-eth2,145160.00,5936434.00,6081594.00,5936434,145160,1962.00,3931.00,5893.00,3931,1962,0.00,0.00,0,0
1558827365,s1-eth1,5937543.00,145082.00,6082625.00,145082,5937543,3939.00,1961.00,5900.00,1961,3939,0.00,0.00,0,0
1558827365,s3,0.00,1312.00,1312.00,1312,0,0.00,8.00,8.00,8,0,0.00,0.00,0,0
1558827365,s2-eth2,146468.00,5940898.00,6087366.00,5940898,146468,1970.00,3933.00,5903.00,3933,1970,0.00,0.00,0,0
1558827365,s2-eth1,5934920.00,145160.00,6080080.00,145160,5934920,3930.00,1962.00,5892.00,1962,3930,0.00,0.00,0,0
1558827365,lo,10445.00,10445.00,20890.00,10445,10445,105.00,105.00,210.00,105,105,0.00,0.00,0,0
1558827365,s4,0.00,0.00,0.00,0,0,0.00,0.00,0.00,0,0,0.00,0.00,0,0
1558827365,s3-eth2,146546.00,5939464.00,6086010.00,5939464,146546,1971.00,3924.00,5895.00,3924,1971,0.00,0.00,0,0
1558827365,s3-eth1,5940898.00,146468.00,6087366.00,146468,5940898,3933.00,1970.00,5903.00,1970,3933,0.00,0.00,0,0
1558827365,total,18262740.00,18269416.00,36532156.00,18269416,18262741,17820.00,17824.00,35644.00,17824,17820,0.00,0.00,0,0
1558827366,s5,0.00,0.00,0.00,0,0,0.00,0.00,0.00,0,0,0.00,0.00,0,0
1558827366,s1,0.00,2745.00,2745.00,2745,0,0.00,14.00,14.00,14,0,0.00,0.00,0,0
1558827366,eth0,762.00,1033.00,1795.00,1033,762,10.00,10.00,20.00,10,10,0.00,0.00,0,0
1558827366,eth1,0.00,0.00,0.00,0,0,0.00,0.00,0.00,0,0,0.00,0.00,0,0
1558827366,s2,0.00,3072.00,3072.00,3072,0,0.00,15.00,15.00,15,0,0.00,0.00,0,0
1558827366,s1-eth2,147368.00,5949737.00,6097105.00,5949737,147368,1974.00,3942.00,5916.00,3942,1974,0.00,0.00,0,0
1558827366,s1-eth1,5949624.00,145336.00,6094960.00,145336,5949624,3947.00,1964.00,5911.00,1964,3947,0.00,0.00,0,0
1558827366,s3,0.00,3272.00,3272.00,3272,0,0.00,17.00,17.00,17,0,0.00,0.00,0,0
1558827366,s2-eth2,148534.00,5946444.00,6094978.00,5946444,148534,1980.00,3931.00,5911.00,3931,1980,0.00,0.00,0,0
1558827366,s2-eth1,5949737.00,147368.00,6097105.00,147368,5949737,3942.00,1974.00,5916.00,1974,3942,0.00,0.00,0,0
1558827366,lo,14955.00,14955.00,29910.00,14955,14955,144.00,144.00,288.00,144,144,0.00,0.00,0,0
1558827366,s4,0.00,0.00,0.00,0,0,0.00,0.00,0.00,0,0,0.00,0.00,0,0
1558827366,s3-eth2,149968.00,5951534.00,6101502.00,5951534,149968,1989.00,3931.00,5920.00,3931,1989,0.00,0.00,0,0
1558827366,s3-eth1,5946444.00,148534.00,6094978.00,148534,5946444,3931.00,1980.00,5911.00,1980,3931,0.00,0.00,0,0
1558827366,total,18307392.00,18314030.00,36621424.00,18314030,18307392,17917.00,17922.00,35839.00,17922,17917,0.00,0.00,0,0
1558827367,s5,0.00,0.00,0.00,0,0,0.00,0.00,0.00,0,0,0.00,0.00,0,0
1558827367,s1,0.00,1290.00,1290.00,1290,0,0.00,5.00,5.00,5,0,0.00,0.00,0,0
1558827367,eth0,152.00,245.00,397.00,245,152,2.00,2.00,4.00,2,2,0.00,0.00,0,0
1558827367,eth1,0.00,0.00,0.00,0,0,0.00,0.00,0.00,0,0,0.00,0.00,0,0
1558827367,s2,0.00,963.00,963.00,963,0,0.00,4.00,4.00,4,0,0.00,0.00,0,0
1558827367,s1-eth2,146222.00,5970992.00,6117214.00,5970992,146222,1974.00,3948.00,5922.00,3948,1974,0.00,0.00,0,0
1558827367,s1-eth1,5970147.00,145854.00,6116001.00,145854,5970147,3949.00,1971.00,5920.00,1971,3949,0.00,0.00,0,0
1558827367,s3,0.00,963.00,963.00,963,0,0.00,4.00,4.00,4,0,0.00,0.00,0,0
1558827367,s2-eth2,146817.00,5967343.00,6114160.00,5967343,146817,1975.00,3943.00,5918.00,3943,1975,0.00,0.00,0,0
1558827367,s2-eth1,5970992.00,146222.00,6117214.00,146222,5970992,3948.00,1974.00,5922.00,1974,3948,0.00,0.00,0,0
1558827367,lo,4860.00,4860.00,9720.00,4860,4860,49.00,49.00,98.00,49,49,0.00,0.00,0,0
1558827367,s4,0.00,0.00,0.00,0,0,0.00,0.00,0.00,0,0,0.00,0.00,0,0
1558827367,s3-eth2,148199.00,5968188.00,6116387.00,5968188,148199,1981.00,3942.00,5923.00,3942,1981,0.00,0.00,0,0
1558827367,s3-eth1,5967343.00,146817.00,6114160.00,146817,5967343,3943.00,1975.00,5918.00,1975,3943,0.00,0.00,0,0
1558827367,total,18354732.00,18353736.00,36708468.00,18353737,18354732,17821.00,17817.00,35638.00,17817,17821,0.00,0.00,0,0
1558827368,s5,0.00,0.00,0.00,0,0,0.00,0.00,0.00,0,0,0.00,0.00,0,0
1558827368,s1,0.00,434.00,434.00,434,0,0.00,2.00,2.00,2,0,0.00,0.00,0,0
1558827368,eth0,0.00,0.00,0.00,0,0,0.00,0.00,0.00,0,0,0.00,0.00,0,0
1558827368,eth1,0.00,0.00,0.00,0,0,0.00,0.00,0.00,0,0,0.00,0.00,0,0
1558827368,s2,0.00,776.00,776.00,776,0,0.00,3.00,3.00,3,0,0.00,0.00,0,0
1558827368,s1-eth2,146893.00,5986790.00,6133683.00,5986790,146893,1978.00,3956.00,5934.00,3956,1978,0.00,0.00,0,0
1558827368,s1-eth1,5987164.00,146298.00,6133462.00,146298,5987164,3958.00,1977.00,5935.00,1977,3958,0.00,0.00,0,0
1558827368,s3,0.00,1043.00,1043.00,1043,0,0.00,4.00,4.00,4,0,0.00,0.00,0,0
1558827368,s2-eth2,147341.00,5984949.00,6132290.00,5984949,147341,1981.00,3954.00,5935.00,3954,1981,0.00,0.00,0,0
1558827368,s2-eth1,5986790.00,146893.00,6133683.00,146893,5986790,3956.00,1978.00,5934.00,1978,3956,0.00,0.00,0,0
1558827368,lo,2871.00,2871.00,5742.00,2871,2871,27.00,27.00,54.00,27,27,0.00,0.00,0,0
1558827368,s4,0.00,0.00,0.00,0,0,0.00,0.00,0.00,0,0,0.00,0.00,0,0
1558827368,s3-eth2,147742.00,5984842.00,6132584.00,5984842,147742,1983.00,3953.00,5936.00,3953,1983,0.00,0.00,0,0
1558827368,s3-eth1,5984949.00,147341.00,6132290.00,147341,5984949,3954.00,1981.00,5935.00,1981,3954,0.00,0.00,0,0
1558827368,total,18403750.00,18402236.00,36805988.00,18402237,18403750,17837.00,17835.00,35672.00,17835,17837,0.00,0.00,0,0
1558827369,s5,0.00,0.00,0.00,0,0,0.00,0.00,0.00,0,0,0.00,0.00,0,0
1558827369,s1,0.00,1038.00,1038.00,1038,0,0.00,5.00,5.00,5,0,0.00,0.00,0,0
1558827369,eth0,0.00,0.00,0.00,0,0,0.00,0.00,0.00,0,0,0.00,0.00,0,0
1558827369,eth1,0.00,0.00,0.00,0,0,0.00,0.00,0.00,0,0,0.00,0.00,0,0
1558827369,s2,0.00,1038.00,1038.00,1038,0,0.00,5.00,5.00,5,0,0.00,0.00,0,0
1558827369,s1-eth2,145784.00,5948030.00,6093814.00,5948030,145784,1967.00,3933.00,5900.00,3933,1967,0.00,0.00,0,0
1558827369,s1-eth1,5951455.00,145410.00,6096865.00,145410,5951455,3937.00,1965.00,5902.00,1965,3937,0.00,0.00,0,0
1558827369,s3,0.00,771.00,771.00,771,0,0.00,4.00,4.00,4,0,0.00,0.00,0,0
1558827369,s2-eth2,146107.00,5949170.00,6095277.00,5949170,146107,1968.00,3932.00,5900.00,3932,1968,0.00,0.00,0,0
1558827369,s2-eth1,5948030.00,145784.00,6093814.00,145784,5948030,3933.00,1967.00,5900.00,1967,3933,0.00,0.00,0,0
1558827369,lo,4327.00,4327.00,8654.00,4327,4327,42.00,42.00,84.00,42,42,0.00,0.00,0,0
1558827369,s4,0.00,0.00,0.00,0,0,0.00,0.00,0.00,0,0,0.00,0.00,0,0
1558827369,s3-eth2,146481.00,5922768.00,6069249.00,5922768,146481,1970.00,3912.00,5882.00,3912,1970,0.00,0.00,0,0
1558827369,s3-eth1,5949170.00,146107.00,6095277.00,146107,5949170,3932.00,1968.00,5900.00,1968,3932,0.00,0.00,0,0
1558827369,total,18291354.00,18264444.00,36555796.00,18264443,18291354,17749.00,17733.00,35482.00,17733,17749,0.00,0.00,0,0
1558827370,s5,0.00,0.00,0.00,0,0,0.00,0.00,0.00,0,0,0.00,0.00,0,0
1558827370,s1,0.00,397.00,397.00,397,0,0.00,2.00,2.00,2,0,0.00,0.00,0,0
1558827370,eth0,0.00,0.00,0.00,0,0,0.00,0.00,0.00,0,0,0.00,0.00,0,0
1558827370,eth1,0.00,0.00,0.00,0,0,0.00,0.00,0.00,0,0,0.00,0.00,0,0
1558827370,s2,0.00,397.00,397.00,397,0,0.00,2.00,2.00,2,0,0.00,0.00,0,0
1558827370,s1-eth2,146547.00,5982211.00,6128758.00,5982211,146547,1977.00,3953.00,5930.00,3953,1977,0.00,0.00,0,0
1558827370,s1-eth1,5981039.00,146150.00,6127189.00,146150,5981039,3953.00,1975.00,5928.00,1975,3953,0.00,0.00,0,0
1558827370,s3,0.00,739.00,739.00,739,0,0.00,3.00,3.00,3,0,0.00,0.00,0,0
1558827370,s2-eth2,146963.00,5983328.00,6130291.00,5983328,146963,1979.00,3952.00,5931.00,3952,1979,0.00,0.00,0,0
1558827370,s2-eth1,5982211.00,146547.00,6128758.00,146547,5982211,3953.00,1977.00,5930.00,1977,3953,0.00,0.00,0,0
1558827370,lo,2108.00,2108.00,4216.00,2108,2108,21.00,21.00,42.00,21,21,0.00,0.00,0,0
1558827370,s4,0.00,0.00,0.00,0,0,0.00,0.00,0.00,0,0,0.00,0.00,0,0
1558827370,s3-eth2,147212.00,5989384.00,6136596.00,5989384,147212,1979.00,3956.00,5935.00,3956,1979,0.00,0.00,0,0
1558827370,s3-eth1,5983328.00,146963.00,6130291.00,146963,5983328,3952.00,1979.00,5931.00,1979,3952,0.00,0.00,0,0
1558827370,total,18389408.00,18398224.00,36787632.00,18398224,18389408,17814.00,17820.00,35634.00,17820,17814,0.00,0.00,0,0
1558827371,s5,0.00,0.00,0.00,0,0,0.00,0.00,0.00,0,0,0.00,0.00,0,0
1558827371,s1,0.00,0.00,0.00,0,0,0.00,0.00,0.00,0,0,0.00,0.00,0,0
1558827371,eth0,0.00,0.00,0.00,0,0,0.00,0.00,0.00,0,0,0.00,0.00,0,0
1558827371,eth1,0.00,0.00,0.00,0,0,0.00,0.00,0.00,0,0,0.00,0.00,0,0
1558827371,s2,0.00,0.00,0.00,0,0,0.00,0.00,0.00,0,0,0.00,0.00,0,0
1558827371,s1-eth2,145188.00,5939422.00,6084610.00,5939422,145188,1962.00,3923.00,5885.00,3923,1962,0.00,0.00,0,0
1558827371,s1-eth1,5937908.00,145188.00,6083096.00,145188,5937908,3922.00,1962.00,5884.00,1962,3922,0.00,0.00,0,0
1558827371,s3,0.00,0.00,0.00,0,0,0.00,0.00,0.00,0,0,0.00,0.00,0,0
1558827371,s2-eth2,145262.00,5939422.00,6084684.00,5939422,145262,1963.00,3923.00,5886.00,3923,1963,0.00,0.00,0,0
1558827371,s2-eth1,5939422.00,145188.00,6084610.00,145188,5939422,3923.00,1962.00,5885.00,1962,3923,0.00,0.00,0,0
1558827371,lo,0.00,0.00,0.00,0,0,0.00,0.00,0.00,0,0,0.00,0.00,0,0
1558827371,s4,0.00,0.00,0.00,0,0,0.00,0.00,0.00,0,0,0.00,0.00,0,0
1558827371,s3-eth2,145262.00,5940936.00,6086198.00,5940936,145262,1963.00,3924.00,5887.00,3924,1963,0.00,0.00,0,0
1558827371,s3-eth1,5939422.00,145262.00,6084684.00,145262,5939422,3923.00,1963.00,5886.00,1963,3923,0.00,0.00,0,0
1558827371,total,18252464.00,18255418.00,36507880.00,18255418,18252464,17656.00,17657.00,35313.00,17657,17656,0.00,0.00,0,0
1558827372,s5,0.00,0.00,0.00,0,0,0.00,0.00,0.00,0,0,0.00,0.00,0,0
1558827372,s1,0.00,107.00,107.00,107,0,0.00,1.00,1.00,1,0,0.00,0.00,0,0
1558827372,eth0,0.00,0.00,0.00,0,0,0.00,0.00,0.00,0,0,0.00,0.00,0,0
1558827372,eth1,0.00,0.00,0.00,0,0,0.00,0.00,0.00,0,0,0.00,0.00,0,0
1558827372,s2,0.00,449.00,449.00,449,0,0.00,2.00,2.00,2,0,0.00,0.00,0,0
1558827372,s1-eth2,146344.00,5975865.00,6122209.00,5975865,146344,1974.00,3948.00,5922.00,3948,1974,0.00,0.00,0,0
1558827372,s1-eth1,5972944.00,145854.00,6118798.00,145854,5972944,3947.00,1971.00,5918.00,1971,3947,0.00,0.00,0,0
1558827372,s3,0.00,449.00,449.00,449,0,0.00,2.00,2.00,2,0,0.00,0.00,0,0
1558827372,s2-eth2,146895.00,5975865.00,6122760.00,5975865,146895,1981.00,3948.00,5929.00,3948,1981,0.00,0.00,0,0
1558827372,s2-eth1,5975865.00,146344.00,6122209.00,146344,5975865,3948.00,1974.00,5922.00,1974,3948,0.00,0.00,0,0
1558827372,lo,1911.00,1911.00,3822.00,1911,1911,21.00,21.00,42.00,21,21,0.00,0.00,0,0
1558827372,s4,0.00,0.00,0.00,0,0,0.00,0.00,0.00,0,0,0.00,0.00,0,0
1558827372,s3-eth2,147339.00,5972730.00,6120069.00,5972730,147339,1987.00,3945.00,5932.00,3945,1987,0.00,0.00,0,0
1558827372,s3-eth1,5975865.00,146895.00,6122760.00,146895,5975865,3948.00,1981.00,5929.00,1981,3948,0.00,0.00,0,0
1558827372,total,18367164.00,18366468.00,36733632.00,18366469,18367163,17806.00,17793.00,35599.00,17793,17806,0.00,0.00,0,0
1558827373,s5,0.00,0.00,0.00,0,0,0.00,0.00,0.00,0,0,0.00,0.00,0,0
1558827373,s1,0.00,177.00,177.00,177,0,0.00,2.00,2.00,2,0,0.00,0.00,0,0
1558827373,eth0,0.00,0.00,0.00,0,0,0.00,0.00,0.00,0,0,0.00,0.00,0,0
1558827373,eth1,0.00,0.00,0.00,0,0,0.00,0.00,0.00,0,0,0.00,0.00,0,0
1558827373,s2,0.00,177.00,177.00,177,0,0.00,2.00,2.00,2,0,0.00,0.00,0,0
1558827373,s1-eth2,146109.00,5972907.00,6119016.00,5972907,146109,1974.00,3947.00,5921.00,3947,1974,0.00,0.00,0,0
1558827373,s1-eth1,5977861.00,146150.00,6124011.00,146150,5977861,3952.00,1975.00,5927.00,1975,3952,0.00,0.00,0,0
1558827373,s3,0.00,177.00,177.00,177,0,0.00,2.00,2.00,2,0,0.00,0.00,0,0
1558827373,s2-eth2,145661.00,5974314.00,6119975.00,5974314,145661,1968.00,3947.00,5915.00,3947,1968,0.00,0.00,0,0
1558827373,s2-eth1,5972907.00,146109.00,6119016.00,146109,5972907,3947.00,1974.00,5921.00,1974,3947,0.00,0.00,0,0
1558827373,lo,1719.00,1719.00,3438.00,1719,1719,18.00,18.00,36.00,18,18,0.00,0.00,0,0
1558827373,s4,0.00,0.00,0.00,0,0,0.00,0.00,0.00,0,0,0.00,0.00,0,0
1558827373,s3-eth2,146212.00,5977272.00,6123484.00,5977272,146212,1975.00,3948.00,5923.00,3948,1975,0.00,0.00,0,0
1558827373,s3-eth1,5974314.00,145661.00,6119975.00,145661,5974314,3947.00,1968.00,5915.00,1968,3947,0.00,0.00,0,0
1558827373,total,18364784.00,18364664.00,36729448.00,18364663,18364783,17781.00,17783.00,35564.00,17783,17781,0.00,0.00,0,0
1558827374,s5,0.00,0.00,0.00,0,0,0.00,0.00,0.00,0,0,0.00,0.00,0,0
1558827374,s1,0.00,70.00,70.00,70,0,0.00,1.00,1.00,1,0,0.00,0.00,0,0
1558827374,eth0,0.00,0.00,0.00,0,0,0.00,0.00,0.00,0,0,0.00,0.00,0,0
1558827374,eth1,0.00,0.00,0.00,0,0,0.00,0.00,0.00,0,0,0.00,0.00,0,0
1558827374,s2,0.00,70.00,70.00,70,0,0.00,1.00,1.00,1,0,0.00,0.00,0,0
1558827374,s1-eth2,146442.00,5990968.00,6137410.00,5990968,146442,1979.00,3958.00,5937.00,3958,1979,0.00,0.00,0,0
1558827374,s1-eth1,5990968.00,146372.00,6137340.00,146372,5990968,3958.00,1978.00,5936.00,1978,3958,0.00,0.00,0,0
1558827374,s3,0.00,70.00,70.00,70,0,0.00,1.00,1.00,1,0,0.00,0.00,0,0
1558827374,s2-eth2,146442.00,5990898.00,6137340.00,5990898,146442,1979.00,3957.00,5936.00,3957,1979,0.00,0.00,0,0
1558827374,s2-eth1,5990968.00,146442.00,6137410.00,146442,5990968,3958.00,1979.00,5937.00,1979,3958,0.00,0.00,0,0
1558827374,lo,804.00,804.00,1608.00,804,804,9.00,9.00,18.00,9,9,0.00,0.00,0,0
1558827374,s4,0.00,0.00,0.00,0,0,0.00,0.00,0.00,0,0,0.00,0.00,0,0
1558827374,s3-eth2,146854.00,5990898.00,6137752.00,5990898,146854,1981.00,3957.00,5938.00,3957,1981,0.00,0.00,0,0
1558827374,s3-eth1,5990898.00,146442.00,6137340.00,146442,5990898,3957.00,1979.00,5936.00,1979,3957,0.00,0.00,0,0
1558827374,total,18413376.00,18413034.00,36826408.00,18413034,18413376,17821.00,17820.00,35641.00,17820,17821,0.00,0.00,0,0
1558827375,s5,0.00,0.00,0.00,0,0,0.00,0.00,0.00,0,0,0.00,0.00,0,0
1558827375,s1,0.00,342.00,342.00,342,0,0.00,1.00,1.00,1,0,0.00,0.00,0,0
1558827375,eth0,0.00,0.00,0.00,0,0,0.00,0.00,0.00,0,0,0.00,0.00,0,0
1558827375,eth1,0.00,0.00,0.00,0,0,0.00,0.00,0.00,0,0,0.00,0.00,0,0
1558827375,s2,0.00,342.00,342.00,342,0,0.00,1.00,1.00,1,0,0.00,0.00,0,0
1558827375,s1-eth2,147038.00,6018492.00,6165530.00,6018492,147038,1987.00,3976.00,5963.00,3976,1987,0.00,0.00,0,0
1558827375,s1-eth1,6015464.00,147038.00,6162502.00,147038,6015464,3974.00,1987.00,5961.00,1987,3974,0.00,0.00,0,0
1558827375,s3,0.00,342.00,342.00,342,0,0.00,1.00,1.00,1,0,0.00,0.00,0,0
1558827375,s2-eth2,147306.00,6016978.00,6164284.00,6016978,147306,1987.00,3975.00,5962.00,3975,1987,0.00,0.00,0,0
1558827375,s2-eth1,6018492.00,147038.00,6165530.00,147038,6018492,3976.00,1987.00,5963.00,1987,3976,0.00,0.00,0,0
1558827375,lo,978.00,978.00,1956.00,978,978,9.00,9.00,18.00,9,9,0.00,0.00,0,0
1558827375,s4,0.00,0.00,0.00,0,0,0.00,0.00,0.00,0,0,0.00,0.00,0,0
1558827375,s3-eth2,146492.00,6019664.00,6166156.00,6019664,146492,1976.00,3976.00,5952.00,3976,1976,0.00,0.00,0,0
1558827375,s3-eth1,6016978.00,147306.00,6164284.00,147306,6016978,3975.00,1987.00,5962.00,1987,3975,0.00,0.00,0,0
1558827375,total,18492748.00,18498520.00,36991268.00,18498520,18492748,17884.00,17900.00,35784.00,17900,17884,0.00,0.00,0,0
1558827376,s5,0.00,0.00,0.00,0,0,0.00,0.00,0.00,0,0,0.00,0.00,0,0
1558827376,s1,0.00,0.00,0.00,0,0,0.00,0.00,0.00,0,0,0.00,0.00,0,0
1558827376,eth0,0.00,0.00,0.00,0,0,0.00,0.00,0.00,0,0,0.00,0.00,0,0
1558827376,eth1,0.00,0.00,0.00,0,0,0.00,0.00,0.00,0,0,0.00,0.00,0,0
1558827376,s2,0.00,342.00,342.00,342,0,0.00,1.00,1.00,1,0,0.00,0.00,0,0
1558827376,s1-eth2,146640.00,5989384.00,6136024.00,5989384,146640,1978.00,3956.00,5934.00,3956,1978,0.00,0.00,0,0
1558827376,s1-eth1,5987870.00,146298.00,6134168.00,146298,5987870,3955.00,1977.00,5932.00,1977,3955,0.00,0.00,0,0
1558827376,s3,0.00,342.00,342.00,342,0,0.00,1.00,1.00,1,0,0.00,0.00,0,0
1558827376,s2-eth2,146640.00,5990898.00,6137538.00,5990898,146640,1978.00,3957.00,5935.00,3957,1978,0.00,0.00,0,0
1558827376,s2-eth1,5989384.00,146640.00,6136024.00,146640,5989384,3956.00,1978.00,5934.00,1978,3956,0.00,0.00,0,0
1558827376,lo,652.00,652.00,1304.00,652,652,6.00,6.00,12.00,6,6,0.00,0.00,0,0
1558827376,s4,0.00,0.00,0.00,0,0,0.00,0.00,0.00,0,0,0.00,0.00,0,0
1558827376,s3-eth2,146640.00,5986356.00,6132996.00,5986356,146640,1978.00,3954.00,5932.00,3954,1978,0.00,0.00,0,0
1558827376,s3-eth1,5990898.00,146640.00,6137538.00,146640,5990898,3957.00,1978.00,5935.00,1978,3957,0.00,0.00,0,0
1558827376,total,18408724.00,18407552.00,36816276.00,18407552,18408724,17808.00,17808.00,35616.00,17808,17808,0.00,0.00,0,0
1558827377,s5,0.00,0.00,0.00,0,0,0.00,0.00,0.00,0,0,0.00,0.00,0,0
1558827377,s1,0.00,0.00,0.00,0,0,0.00,0.00,0.00,0,0,0.00,0.00,0,0
1558827377,eth0,0.00,0.00,0.00,0,0,0.00,0.00,0.00,0,0,0.00,0.00,0,0
1558827377,eth1,0.00,0.00,0.00,0,0,0.00,0.00,0.00,0,0,0.00,0.00,0,0
1558827377,s2,0.00,0.00,0.00,0,0,0.00,0.00,0.00,0,0,0.00,0.00,0,0
1558827377,s1-eth2,54328.00,2022586.00,2076914.00,2022586,54328,734.00,1339.00,2073.00,1339,734,0.00,0.00,0,0
1558827377,s1-eth1,2090716.00,52774.00,2143490.00,52774,2090716,1384.00,713.00,2097.00,713,1384,0.00,0.00,0,0
1558827377,s3,0.00,0.00,0.00,0,0,0.00,0.00,0.00,0,0,0.00,0.00,0,0
1558827377,s2-eth2,55882.00,1954456.00,2010338.00,1954456,55882,755.00,1294.00,2049.00,1294,755,0.00,0.00,0,0
1558827377,s2-eth1,2022586.00,54328.00,2076914.00,54328,2022586,1339.00,734.00,2073.00,734,1339,0.00,0.00,0,0
1558827377,lo,344.00,344.00,688.00,344,344,6.00,6.00,12.00,6,6,0.00,0.00,0,0
1558827377,s4,0.00,0.00,0.00,0,0,0.00,0.00,0.00,0,0,0.00,0.00,0,0
1558827377,s3-eth2,57362.00,1884812.00,1942174.00,1884812,57362,775.00,1248.00,2023.00,1248,775,0.00,0.00,0,0
1558827377,s3-eth1,1954456.00,55882.00,2010338.00,55882,1954456,1294.00,755.00,2049.00,755,1294,0.00,0.00,0,0
1558827377,total,6235674.00,6025182.00,12260856.00,6025182,6235674,6287.00,6089.00,12376.00,6089,6287,0.00,0.00,0,0
1558827378,s5,0.00,0.00,0.00,0,0,0.00,0.00,0.00,0,0,0.00,0.00,0,0
1558827378,s1,0.00,0.00,0.00,0,0,0.00,0.00,0.00,0,0,0.00,0.00,0,0
1558827378,eth0,0.00,0.00,0.00,0,0,0.00,0.00,0.00,0,0,0.00,0.00,0,0
1558827378,eth1,0.00,0.00,0.00,0,0,0.00,0.00,0.00,0,0,0.00,0.00,0,0
1558827378,s2,0.00,0.00,0.00,0,0,0.00,0.00,0.00,0,0,0.00,0.00,0,0
1558827378,s1-eth2,0.00,0.00,0.00,0,0,0.00,0.00,0.00,0,0,0.00,0.00,0,0
1558827378,s1-eth1,341.66,0.00,341.66,0,342,1.00,0.00,1.00,0,1,0.00,0.00,0,0
1558827378,s3,0.00,0.00,0.00,0,0,0.00,0.00,0.00,0,0,0.00,0.00,0,0
1558827378,s2-eth2,0.00,0.00,0.00,0,0,0.00,0.00,0.00,0,0,0.00,0.00,0,0
1558827378,s2-eth1,0.00,0.00,0.00,0,0,0.00,0.00,0.00,0,0,0.00,0.00,0,0
1558827378,lo,0.00,0.00,0.00,0,0,0.00,0.00,0.00,0,0,0.00,0.00,0,0
1558827378,s4,0.00,0.00,0.00,0,0,0.00,0.00,0.00,0,0,0.00,0.00,0,0
1558827378,s3-eth2,0.00,0.00,0.00,0,0,0.00,0.00,0.00,0,0,0.00,0.00,0,0
1558827378,s3-eth1,0.00,0.00,0.00,0,0,0.00,0.00,0.00,0,0,0.00,0.00,0,0
1558827378,total,341.66,0.00,341.66,0,342,1.00,0.00,1.00,0,1,0.00,0.00,0,0
1558827379,s5,0.00,0.00,0.00,0,0,0.00,0.00,0.00,0,0,0.00,0.00,0,0
1558827379,s1,0.00,0.00,0.00,0,0,0.00,0.00,0.00,0,0,0.00,0.00,0,0
1558827379,eth0,0.00,0.00,0.00,0,0,0.00,0.00,0.00,0,0,0.00,0.00,0,0
1558827379,eth1,0.00,0.00,0.00,0,0,0.00,0.00,0.00,0,0,0.00,0.00,0,0
1558827379,s2,0.00,0.00,0.00,0,0,0.00,0.00,0.00,0,0,0.00,0.00,0,0
1558827379,s1-eth2,0.00,0.00,0.00,0,0,0.00,0.00,0.00,0,0,0.00,0.00,0,0
1558827379,s1-eth1,0.00,0.00,0.00,0,0,0.00,0.00,0.00,0,0,0.00,0.00,0,0
1558827379,s3,0.00,0.00,0.00,0,0,0.00,0.00,0.00,0,0,0.00,0.00,0,0
1558827379,s2-eth2,0.00,0.00,0.00,0,0,0.00,0.00,0.00,0,0,0.00,0.00,0,0
1558827379,s2-eth1,0.00,0.00,0.00,0,0,0.00,0.00,0.00,0,0,0.00,0.00,0,0
1558827379,lo,0.00,0.00,0.00,0,0,0.00,0.00,0.00,0,0,0.00,0.00,0,0
1558827379,s4,0.00,0.00,0.00,0,0,0.00,0.00,0.00,0,0,0.00,0.00,0,0
1558827379,s3-eth2,0.00,0.00,0.00,0,0,0.00,0.00,0.00,0,0,0.00,0.00,0,0
1558827379,s3-eth1,0.00,0.00,0.00,0,0,0.00,0.00,0.00,0,0,0.00,0.00,0,0
1558827379,total,0.00,0.00,0.00,0,0,0.00,0.00,0.00,0,0,0.00,0.00,0,0
1558827380,s5,0.00,0.00,0.00,0,0,0.00,0.00,0.00,0,0,0.00,0.00,0,0
1558827380,s1,0.00,107.00,107.00,107,0,0.00,1.00,1.00,1,0,0.00,0.00,0,0
1558827380,eth0,0.00,0.00,0.00,0,0,0.00,0.00,0.00,0,0,0.00,0.00,0,0
1558827380,eth1,0.00,0.00,0.00,0,0,0.00,0.00,0.00,0,0,0.00,0.00,0,0
1558827380,s2,0.00,107.00,107.00,107,0,0.00,1.00,1.00,1,0,0.00,0.00,0,0
1558827380,s1-eth2,0.00,107.00,107.00,107,0,0.00,1.00,1.00,1,0,0.00,0.00,0,0
1558827380,s1-eth1,214.00,0.00,214.00,0,214,2.00,0.00,2.00,0,2,0.00,0.00,0,0
1558827380,s3,0.00,107.00,107.00,107,0,0.00,1.00,1.00,1,0,0.00,0.00,0,0
1558827380,s2-eth2,107.00,107.00,214.00,107,107,1.00,1.00,2.00,1,1,0.00,0.00,0,0
1558827380,s2-eth1,107.00,0.00,107.00,0,107,1.00,0.00,1.00,0,1,0.00,0.00,0,0
1558827380,lo,1087.00,1087.00,2174.00,1087,1087,12.00,12.00,24.00,12,12,0.00,0.00,0,0
1558827380,s4,0.00,0.00,0.00,0,0,0.00,0.00,0.00,0,0,0.00,0.00,0,0
1558827380,s3-eth2,107.00,0.00,107.00,0,107,1.00,0.00,1.00,0,1,0.00,0.00,0,0
1558827380,s3-eth1,107.00,107.00,214.00,107,107,1.00,1.00,2.00,1,1,0.00,0.00,0,0
1558827380,total,1729.00,1729.00,3458.00,1729,1729,18.00,18.00,36.00,18,18,0.00,0.00,0,0
1558827381,s5,0.00,0.00,0.00,0,0,0.00,0.00,0.00,0,0,0.00,0.00,0,0
1558827381,s1,0.00,107.00,107.00,107,0,0.00,1.00,1.00,1,0,0.00,0.00,0,0
1558827381,eth0,0.00,0.00,0.00,0,0,0.00,0.00,0.00,0,0,0.00,0.00,0,0
1558827381,eth1,0.00,0.00,0.00,0,0,0.00,0.00,0.00,0,0,0.00,0.00,0,0
1558827381,s2,0.00,107.00,107.00,107,0,0.00,1.00,1.00,1,0,0.00,0.00,0,0
1558827381,s1-eth2,107.00,107.00,214.00,107,107,1.00,1.00,2.00,1,1,0.00,0.00,0,0
1558827381,s1-eth1,107.00,0.00,107.00,0,107,1.00,0.00,1.00,0,1,0.00,0.00,0,0
1558827381,s3,0.00,107.00,107.00,107,0,0.00,1.00,1.00,1,0,0.00,0.00,0,0
1558827381,s2-eth2,107.00,0.00,107.00,0,107,1.00,0.00,1.00,0,1,0.00,0.00,0,0
1558827381,s2-eth1,107.00,107.00,214.00,107,107,1.00,1.00,2.00,1,1,0.00,0.00,0,0
1558827381,lo,915.00,915.00,1830.00,915,915,9.00,9.00,18.00,9,9,0.00,0.00,0,0
1558827381,s4,0.00,0.00,0.00,0,0,0.00,0.00,0.00,0,0,0.00,0.00,0,0
1558827381,s3-eth2,214.00,0.00,214.00,0,214,2.00,0.00,2.00,0,2,0.00,0.00,0,0
1558827381,s3-eth1,0.00,107.00,107.00,107,0,0.00,1.00,1.00,1,0,0.00,0.00,0,0
1558827381,total,1557.00,1557.00,3114.00,1557,1557,15.00,15.00,30.00,15,15,0.00,0.00,0,0
1558827382,s5,0.00,0.00,0.00,0,0,0.00,0.00,0.00,0,0,0.00,0.00,0,0
1558827382,s1,0.00,0.00,0.00,0,0,0.00,0.00,0.00,0,0,0.00,0.00,0,0
1558827382,eth0,0.00,0.00,0.00,0,0,0.00,0.00,0.00,0,0,0.00,0.00,0,0
1558827382,eth1,0.00,0.00,0.00,0,0,0.00,0.00,0.00,0,0,0.00,0.00,0,0
1558827382,s2,0.00,0.00,0.00,0,0,0.00,0.00,0.00,0,0,0.00,0.00,0,0
1558827382,s1-eth2,0.00,0.00,0.00,0,0,0.00,0.00,0.00,0,0,0.00,0.00,0,0
1558827382,s1-eth1,0.00,0.00,0.00,0,0,0.00,0.00,0.00,0,0,0.00,0.00,0,0
1558827382,s3,0.00,0.00,0.00,0,0,0.00,0.00,0.00,0,0,0.00,0.00,0,0
1558827382,s2-eth2,0.00,0.00,0.00,0,0,0.00,0.00,0.00,0,0,0.00,0.00,0,0
1558827382,s2-eth1,0.00,0.00,0.00,0,0,0.00,0.00,0.00,0,0,0.00,0.00,0,0
1558827382,lo,344.00,344.00,688.00,344,344,6.00,6.00,12.00,6,6,0.00,0.00,0,0
1558827382,s4,0.00,0.00,0.00,0,0,0.00,0.00,0.00,0,0,0.00,0.00,0,0
1558827382,s3-eth2,0.00,0.00,0.00,0,0,0.00,0.00,0.00,0,0,0.00,0.00,0,0
1558827382,s3-eth1,0.00,0.00,0.00,0,0,0.00,0.00,0.00,0,0,0.00,0.00,0,0
1558827382,total,344.00,344.00,688.00,344,344,6.00,6.00,12.00,6,6,0.00,0.00,0,0
1558827383,s5,0.00,0.00,0.00,0,0,0.00,0.00,0.00,0,0,0.00,0.00,0,0
1558827383,s1,0.00,0.00,0.00,0,0,0.00,0.00,0.00,0,0,0.00,0.00,0,0
1558827383,eth0,0.00,0.00,0.00,0,0,0.00,0.00,0.00,0,0,0.00,0.00,0,0
1558827383,eth1,0.00,0.00,0.00,0,0,0.00,0.00,0.00,0,0,0.00,0.00,0,0
1558827383,s2,0.00,0.00,0.00,0,0,0.00,0.00,0.00,0,0,0.00,0.00,0,0
1558827383,s1-eth2,0.00,0.00,0.00,0,0,0.00,0.00,0.00,0,0,0.00,0.00,0,0
1558827383,s1-eth1,0.00,0.00,0.00,0,0,0.00,0.00,0.00,0,0,0.00,0.00,0,0
1558827383,s3,0.00,0.00,0.00,0,0,0.00,0.00,0.00,0,0,0.00,0.00,0,0
1558827383,s2-eth2,0.00,0.00,0.00,0,0,0.00,0.00,0.00,0,0,0.00,0.00,0,0
1558827383,s2-eth1,0.00,0.00,0.00,0,0,0.00,0.00,0.00,0,0,0.00,0.00,0,0
1558827383,lo,0.00,0.00,0.00,0,0,0.00,0.00,0.00,0,0,0.00,0.00,0,0
1558827383,s4,0.00,0.00,0.00,0,0,0.00,0.00,0.00,0,0,0.00,0.00,0,0
1558827383,s3-eth2,342.00,0.00,342.00,0,342,1.00,0.00,1.00,0,1,0.00,0.00,0,0
1558827383,s3-eth1,0.00,0.00,0.00,0,0,0.00,0.00,0.00,0,0,0.00,0.00,0,0
1558827383,total,342.00,0.00,342.00,0,342,1.00,0.00,1.00,0,1,0.00,0.00,0,0
1558827384,s5,0.00,0.00,0.00,0,0,0.00,0.00,0.00,0,0,0.00,0.00,0,0
1558827384,s1,0.00,0.00,0.00,0,0,0.00,0.00,0.00,0,0,0.00,0.00,0,0
1558827384,eth0,0.00,0.00,0.00,0,0,0.00,0.00,0.00,0,0,0.00,0.00,0,0
1558827384,eth1,0.00,0.00,0.00,0,0,0.00,0.00,0.00,0,0,0.00,0.00,0,0
1558827384,s2,0.00,342.00,342.00,342,0,0.00,1.00,1.00,1,0,0.00,0.00,0,0
1558827384,s1-eth2,342.00,0.00,342.00,0,342,1.00,0.00,1.00,0,1,0.00,0.00,0,0
1558827384,s1-eth1,0.00,0.00,0.00,0,0,0.00,0.00,0.00,0,0,0.00,0.00,0,0
1558827384,s3,0.00,342.00,342.00,342,0,0.00,1.00,1.00,1,0,0.00,0.00,0,0
1558827384,s2-eth2,342.00,0.00,342.00,0,342,1.00,0.00,1.00,0,1,0.00,0.00,0,0
1558827384,s2-eth1,0.00,342.00,342.00,342,0,0.00,1.00,1.00,1,0,0.00,0.00,0,0
1558827384,lo,652.00,652.00,1304.00,652,652,6.00,6.00,12.00,6,6,0.00,0.00,0,0
1558827384,s4,0.00,0.00,0.00,0,0,0.00,0.00,0.00,0,0,0.00,0.00,0,0
1558827384,s3-eth2,342.00,0.00,342.00,0